998,422,1209,488,2,24,36,20,71,16,106,12,141,8,176,4,211,0,209,42,174,46,139,50,104,54,69,58,34,62,0,66
855,301,1073,393,13,0,47,9,81,19,115,28,149,38,183,47,218,57,206,92,171,83,137,74,103,65,68,56,34,47,0,39
1819,137,1962,222,11,0,33,9,55,19,77,29,99,38,121,48,143,58,130,85,108,75,86,65,65,56,43,46,21,36,0,27
1903,255,2051,286,3,0,26,0,50,1,74,1,98,2,122,2,146,3,148,31,123,30,98,29,74,28,49,27,24,26,0,26
1441,1096,1657,1532,114,0,131,65,148,131,165,197,182,262,199,328,216,394,127,436,105,368,84,301,63,234,42,167,21,100,0,33
2501,1914,2906,2005,0,5,62,10,124,18,187,26,249,15,311,0,374,2,405,75,342,80,279,80,217,85,154,91,91,83,29,80
353,1192,514,1309,10,0,35,15,60,31,85,46,110,62,135,77,161,93,117,117,97,104,78,91,58,79,39,66,19,53,0,41
316,1254,451,1376,26,0,44,11,62,22,80,34,98,45,116,56,135,68,96,122,80,109,64,97,48,85,32,73,16,61,0,49
940,1732,1096,1841,0,88,19,73,39,58,58,44,78,29,97,14,117,0,156,44,138,54,120,65,102,76,84,87,66,98,49,109
1064,1233,1296,1498,76,0,102,35,128,71,154,106,180,142,206,177,232,213,193,265,160,227,128,189,96,151,64,113,32,75,0,37
1096,1355,1179,1462,18,0,28,11,39,23,50,35,61,46,72,58,83,70,64,107,53,96,42,85,32,74,21,63,10,52,0,42
2451,1615,2882,1825,24,0,91,2,159,4,227,6,295,8,363,10,431,13,421,210,350,207,280,205,210,202,140,200,70,197,0,195
775,2887,1113,3345,0,357,41,297,83,238,125,178,166,119,208,59,250,0,338,141,295,193,252,246,209,299,166,352,123,405,81,458
620,916,768,1101,0,125,18,104,37,83,56,62,74,41,93,20,112,0,148,63,129,83,110,103,91,124,72,144,53,164,34,185
311,1355,470,1459,18,0,41,11,65,23,88,35,112,46,135,58,159,70,135,104,112,95,90,86,67,77,45,68,22,59,0,50
771,794,1016,1042,43,0,55,56,77,103,113,138,147,174,194,198,245,219,212,248,161,226,116,199,77,166,42,129,25,75,0,29
1477,3339,1615,3692,70,353,58,295,46,238,35,181,23,124,11,67,0,10,65,0,77,56,89,113,101,170,113,226,125,283,138,340
355,2305,545,2433,0,45,27,37,54,30,82,22,109,15,136,7,164,0,190,96,164,101,139,106,114,112,89,117,64,122,39,128
0,1882,106,2305,0,400,1,333,2,266,3,200,4,133,5,66,7,0,103,10,103,78,104,147,104,216,105,285,105,354,106,423
163,2043,306,2334,39,0,56,45,73,91,91,137,108,183,125,229,143,275,57,291,47,264,38,238,28,211,19,185,9,158,0,132
1576,901,1833,997,42,0,77,1,113,3,149,5,185,6,221,8,257,10,231,96,192,91,154,86,115,81,77,76,38,71,0,67
1597,971,1779,1038,0,0,30,3,60,7,91,10,121,14,151,17,182,21,145,67,121,66,98,65,75,64,51,63,28,62,5,62
324,844,470,966,0,122,10,104,20,87,30,70,40,52,50,35,60,18,146,0,137,15,128,30,120,45,111,60,102,75,94,91
501,1246,1025,1414,197,54,251,45,306,36,360,27,415,18,469,9,524,0,405,127,337,133,270,140,202,147,135,154,67,161,0,168
690,1386,831,1453,6,23,28,19,51,15,73,11,96,7,118,3,141,0,102,60,85,61,68,62,51,63,34,64,17,65,0,67
1238,1103,1428,1225,0,54,26,45,53,36,79,27,106,18,132,9,159,0,190,65,161,74,132,84,103,93,74,103,45,112,16,122
1241,952,1363,1046,0,55,16,45,33,36,50,27,67,18,84,9,101,0,122,57,105,63,88,69,71,75,54,81,37,87,21,94
1633,739,1771,794,29,0,47,0,65,1,83,2,101,3,119,4,138,5,127,55,105,53,84,51,63,49,42,47,21,45,0,44
1389,890,1584,942,3,8,35,6,67,5,99,4,131,2,163,1,195,0,195,47,162,47,130,48,97,49,65,50,32,51,0,52
1488,781,1599,851,0,0,18,5,37,11,55,16,74,22,92,27,111,33,91,70,75,67,60,65,45,63,30,61,15,59,0,57
1462,664,1579,742,15,0,32,8,49,17,66,26,83,34,100,43,117,52,98,78,81,70,65,62,49,54,32,46,16,38,0,31
140,1368,441,1583,52,0,82,44,119,75,157,106,201,127,247,143,301,148,252,215,203,205,152,197,108,179,68,153,32,119,0,78
844,1887,963,2069,0,153,7,127,14,102,22,76,29,51,36,25,44,0,119,21,111,47,104,74,97,101,89,128,82,155,75,182
1709,1773,1851,1840,12,5,33,4,55,3,77,2,98,1,120,0,142,0,129,36,107,41,86,46,64,51,43,56,21,61,0,67
774,216,1128,311,39,7,94,1,149,0,201,11,253,23,303,46,354,68,313,95,263,71,213,47,161,40,108,34,54,38,0,50
1776,75,2003,160,32,0,64,11,97,23,129,35,162,47,194,59,227,71,198,85,165,74,132,64,99,54,66,43,33,33,0,23
1726,509,1852,729,32,0,40,36,51,72,67,105,79,140,101,170,126,199,106,220,85,186,51,159,30,125,18,87,9,47,0,8
1985,914,2032,984,0,70,0,60,0,50,1,41,1,31,1,21,2,12,42,0,42,9,43,18,44,27,45,36,46,45,47,55
1608,810,1762,843,11,3,34,2,58,2,82,1,106,1,130,0,154,0,149,27,124,28,99,29,74,30,49,31,24,32,0,33
1569,855,1764,905,21,0,50,1,79,2,108,3,137,4,166,5,195,6,175,50,145,47,116,44,87,41,58,38,29,35,0,32
1786,857,1918,892,3,2,24,2,47,0,68,1,90,4,111,10,132,20,122,35,101,31,81,29,61,30,40,32,20,34,0,34
2044,2563,2122,2719,33,156,27,130,22,105,16,79,11,54,5,28,0,3,28,0,36,25,44,50,53,75,61,100,69,125,78,151
3033,241,3095,363,0,122,0,101,0,81,0,61,0,40,0,20,0,0,62,0,62,20,62,40,62,61,62,81,62,101,62,122
1375,717,1425,853,0,136,0,113,0,90,0,68,0,45,0,22,0,0,50,0,50,22,50,45,50,68,50,90,50,113,50,136
1463,710,1556,768,0,0,15,6,31,12,46,18,62,24,77,30,93,37,81,58,67,54,54,51,41,47,28,44,15,40,2,37
932,1189,994,1249,0,0,10,0,20,0,31,0,41,0,51,0,62,0,62,60,51,60,41,60,31,60,20,60,10,60,0,60
722,1114,896,1199,0,57,26,41,54,28,83,18,111,7,141,0,174,2,158,41,130,44,103,46,77,54,51,62,24,67,2,85
615,1025,740,1171,0,107,20,89,41,71,62,53,83,35,104,17,125,0,125,47,108,63,91,80,74,96,57,113,40,129,23,146
1597,540,1714,672,0,62,16,51,33,41,50,31,67,20,84,10,101,0,117,39,101,54,85,70,69,85,53,101,37,116,21,132
2019,307,2193,346,0,14,25,3,49,1,74,0,98,3,123,5,147,22,174,39,147,30,121,27,94,28,67,22,41,25,14,30
1223,480,1395,524,0,25,19,17,38,11,58,5,78,0,98,1,120,7,172,40,149,37,126,32,104,34,81,30,59,35,37,44
1423,1342,1672,1815,65,5,95,79,126,154,157,228,187,303,218,377,249,452,182,473,151,394,121,315,91,236,60,157,30,78,0,0
