227,240,230,240,231,240,231,226,247,226,247,236,245,236,244,237,244,254,245,255,247,255,247,271,248,272,251,272,251,282,252,283,254,283,254,293,252,293,251,294,251,296,245,296,244,297,244,300,241,300,241,294,240,293,238,293,238,283,237,282,234,282,234,272,233,271,231,271,231,258,230,257,227,257
231,216,233,216,234,215,234,205,237,205,238,204,238,198,240,198,241,197,241,191,244,191,245,190,245,187,251,187,251,190,252,191,258,191,258,204,255,204,254,205,254,211,252,211,251,212,251,222,248,222,247,223,247,225,245,225,245,223,244,222,231,222
269,276,317,276,317,279,318,279,321,279,321,346,318,346,317,347,317,357,318,357,321,357,321,410,315,410,314,411,314,413,273,413,272,414,272,417,269,417
269,209,272,209,273,208,273,95,289,95,289,98,290,99,317,99,317,105,318,106,321,106,321,264,290,264,290,262,289,261,269,261
332,159,335,159,336,158,336,155,342,155,342,158,343,159,345,159,345,165,346,166,349,166,349,186,350,187,352,187,352,190,353,191,356,191,356,194,357,194,359,194,359,204,360,205,363,205,363,236,364,237,366,237,366,240,364,240,363,240,363,243,364,244,366,244,366,282,367,283,370,283,370,314,367,314,366,315,366,325,364,325,363,326,363,328,332,328,332,258,335,258,336,257,336,251,338,251,339,250,339,240,338,240,336,240,336,216,335,215,332,215,332,194,335,194,336,194,336,184,335,183,332,183
577,379,580,379,581,378,581,375,590,375,590,388,591,389,594,389,594,410,595,411,597,411,597,420,584,420,584,418,583,417,581,417,581,396,580,396,577,396
584,421,597,421,597,438,598,439,601,439,601,456,588,456,588,435,587,434,584,434
588,457,601,457,601,463,602,464,604,464,604,488,595,488,595,478,594,477,591,477,591,464,590,463,588,463
598,379,604,379,604,381,605,382,608,382,608,399,609,400,615,400,615,403,616,403,618,403,618,413,619,414,622,414,622,449,619,449,618,450,618,466,619,467,622,467,622,477,609,477,609,460,608,459,605,459,605,439,604,438,602,438,602,414,601,413,598,413
605,173,608,173,609,172,609,170,625,170,625,190,626,191,629,191,629,211,630,212,632,212,632,236,633,237,636,237,636,257,637,258,639,258,639,279,640,279,643,279,643,296,626,296,626,290,625,289,623,289,623,262,622,261,619,261,619,237,618,236,616,236,616,216,615,215,612,215,612,194,611,194,609,194,609,177,608,176,605,176
682,170,688,170,689,169,689,166,699,166,699,179,700,180,702,180,702,194,703,194,706,194,706,215,707,216,709,216,709,229,710,230,713,230,713,243,714,244,716,244,716,257,717,258,720,258,720,275,721,276,723,276,723,293,717,293,716,294,716,296,707,296,707,294,706,293,703,293,703,279,702,279,700,279,700,265,699,264,696,264,696,251,695,250,693,250,693,237,692,236,689,236,689,216,688,215,686,215,686,198,685,197,682,197
