144,493,147,493,148,491,148,450,152,450,153,449,153,445,157,445,157,449,158,450,181,450,181,453,182,455,195,455,195,506,192,506,190,507,190,562,192,564,195,564,195,596,196,597,200,597,200,615,201,616,205,616,205,619,201,619,200,621,200,624,153,624,153,602,152,600,148,600,148,578,147,577,144,577
158,402,162,402,163,401,163,388,166,388,168,387,168,379,171,379,172,378,172,365,176,365,177,363,177,355,181,355,182,354,182,341,186,341,187,340,187,322,190,322,192,321,192,308,195,308,196,306,196,293,200,293,201,292,201,289,205,289,206,288,206,279,210,279,211,278,211,274,214,274,216,273,216,270,219,270,220,269,220,265,224,265,225,264,225,260,229,260,230,259,230,251,234,251,235,250,235,246,238,246,240,245,240,237,243,237,244,235,244,232,248,232,249,231,249,227,253,227,254,226,254,218,258,218,259,216,259,213,262,213,264,212,264,208,267,208,268,207,268,203,272,203,273,202,273,199,277,199,278,197,278,189,282,189,283,188,283,184,286,184,288,183,288,180,291,180,292,178,292,175,301,175,301,178,302,180,310,180,310,183,312,184,315,184,315,188,316,189,320,189,320,193,321,194,325,194,325,202,326,203,330,203,330,221,326,221,325,222,325,226,321,226,320,227,320,231,316,231,315,232,315,240,312,240,310,241,310,245,307,245,306,246,306,250,302,250,301,251,301,254,297,254,296,256,296,264,292,264,291,265,291,269,288,269,286,270,286,273,283,273,282,274,282,278,278,278,277,279,277,288,273,288,272,289,272,292,268,292,267,293,267,297,259,297,258,298,258,302,254,302,253,303,253,311,249,311,248,312,248,316,244,316,243,317,243,325,240,325,238,327,238,340,235,340,234,341,234,359,230,359,229,360,229,373,225,373,224,374,224,387,220,387,219,388,219,401,216,401,214,402,214,411,211,411,210,412,210,420,206,420,205,421,205,434,187,434,187,431,186,430,172,430,172,426,171,425,158,425
163,654,176,654,177,653,177,649,195,649,196,648,196,644,210,644,210,657,211,658,214,658,214,667,216,668,219,668,219,681,220,682,224,682,224,695,225,696,229,696,229,705,230,706,234,706,234,719,235,720,238,720,238,728,240,730,243,730,243,738,244,739,248,739,248,743,249,744,253,744,253,752,254,753,258,753,258,757,259,758,262,758,262,762,264,763,267,763,267,766,268,768,272,768,272,776,273,777,277,777,277,781,278,782,282,782,282,785,283,786,286,786,286,790,288,791,291,791,291,795,292,796,296,796,296,804,297,805,301,805,301,809,302,810,306,810,306,814,307,815,310,815,310,818,312,820,315,820,315,823,316,824,320,824,320,833,321,834,325,834,325,837,326,839,330,839,330,842,331,843,334,843,334,856,331,856,330,858,330,861,321,861,320,862,320,866,312,866,310,867,310,871,307,871,306,872,306,875,292,875,292,872,291,871,288,871,288,867,286,866,283,866,283,862,282,861,278,861,278,858,277,856,273,856,273,848,272,847,268,847,268,843,267,842,264,842,264,834,262,833,259,833,259,829,258,828,254,828,254,824,253,823,249,823,249,820,248,818,244,818,244,815,243,814,240,814,240,805,238,804,235,804,235,801,234,800,230,800,230,796,229,795,225,795,225,791,224,790,220,790,220,786,219,785,216,785,216,777,214,776,211,776,211,768,210,766,206,766,206,758,205,757,201,757,201,744,200,743,196,743,196,730,195,728,192,728,192,720,190,719,187,719,187,711,186,709,182,709,182,696,181,695,177,695,177,687,176,686,172,686,172,677,171,676,168,676,168,663,166,662,163,662
235,450,238,450,240,449,240,355,243,355,244,354,244,350,291,350,291,420,288,420,286,421,286,430,288,431,291,431,291,525,288,525,286,526,286,529,283,529,283,526,282,525,235,525
235,545,286,545,286,643,288,644,291,644,291,648,288,648,286,649,286,709,278,709,277,711,277,714,244,714,244,711,243,709,240,709,240,602,238,600,235,600
292,379,296,379,297,378,297,346,334,346,334,349,336,350,339,350,339,359,340,360,344,360,344,510,340,510,339,512,339,515,302,515,301,516,301,520,297,520,297,417,296,416,292,416
292,540,296,540,297,539,297,535,344,535,344,695,340,695,339,696,339,700,316,700,315,701,315,705,297,705,297,559,296,558,292,558
364,270,368,270,369,269,369,237,402,237,402,330,374,330,373,331,373,335,369,335,369,289,368,288,364,288
369,341,402,341,402,382,374,382,373,384,373,387,369,387
369,393,402,393,402,434,398,434,397,436,397,439,369,439
369,459,397,459,397,544,369,544
369,611,392,611,392,615,393,616,397,616,397,686,388,686,388,682,387,681,369,681
369,692,397,692,397,695,398,696,402,696,402,724,398,724,397,725,397,728,369,728
364,739,368,739,369,738,369,734,397,734,397,738,398,739,402,739,402,762,398,762,397,763,397,790,398,791,402,791,402,847,374,847,374,843,373,842,369,842,369,763,368,762,364,762,364,758,368,758,369,757,369,749,368,747,364,747
403,644,406,644,408,643,408,630,430,630,430,638,432,640,435,640,435,643,432,643,430,644,430,648,432,649,435,649,435,662,432,662,430,663,430,681,432,682,435,682,435,686,436,687,440,687,440,695,412,695,411,696,411,700,408,700,408,692,406,690,403,690
403,715,406,715,408,714,408,701,411,701,412,700,412,696,416,696,416,700,417,701,435,701,435,728,408,728,408,725,406,724,403,724
403,739,435,739,435,776,427,776,426,777,426,781,408,781,408,753,406,752,403,752
408,246,435,246,435,250,436,251,440,251,440,259,436,259,435,260,435,382,408,382
408,388,435,388,435,430,432,430,430,431,430,434,408,434
408,440,430,440,430,444,432,445,435,445,435,501,408,501
403,587,406,587,408,586,408,512,435,512,435,558,432,558,430,559,430,581,432,583,435,583,435,596,403,596
408,782,435,782,435,833,436,834,440,834,440,842,408,842
436,587,440,587,441,586,441,521,469,521,469,525,470,526,474,526,474,529,470,529,469,530,469,605,456,605,454,606,454,610,436,610
436,682,440,682,441,681,441,673,454,673,454,676,456,677,464,677,465,676,465,673,469,673,469,757,441,757,441,687,440,686,436,686
441,379,445,379,446,378,446,317,469,317,469,321,470,322,474,322,474,397,470,397,469,398,469,401,441,401
441,407,474,407,474,430,470,430,469,431,469,434,441,434
441,440,454,440,454,444,456,445,469,445,469,506,470,507,474,507,474,510,470,510,469,512,469,515,441,515
475,597,478,597,480,596,480,592,507,592,507,648,508,649,512,649,512,653,504,653,502,654,502,657,504,658,507,658,507,662,475,662,475,654,478,654,480,653,480,611,478,610,475,610
475,668,507,668,507,705,508,706,512,706,512,714,508,714,507,715,507,719,508,720,512,720,512,728,508,728,507,730,507,733,504,733,502,734,502,752,504,753,512,753,512,766,504,766,502,768,502,771,499,771,499,768,498,766,475,766,475,720,478,720,480,719,480,715,478,714,475,714
475,772,507,772,507,809,508,810,512,810,512,814,508,814,507,815,507,818,475,818
480,161,488,161,488,164,489,165,512,165,512,245,480,245
480,256,507,256,507,259,508,260,512,260,512,325,480,325
480,336,483,336,484,335,484,331,498,331,498,335,499,336,507,336,507,401,480,401
480,459,507,459,507,501,508,502,512,502,512,515,508,515,507,516,507,586,480,586
508,417,512,417,513,416,513,407,531,407,531,520,513,520,513,488,512,487,508,487
508,654,512,654,513,653,513,644,517,644,517,648,518,649,541,649,541,714,513,714,513,706,512,705,508,705
508,730,512,730,513,728,513,720,541,720,541,800,513,800,513,777,512,776,508,776,508,768,512,768,513,766,513,753,512,752,508,752
508,815,512,815,513,814,513,810,517,810,518,809,518,805,541,805,541,890,508,890,508,881,512,881,513,880,513,820,512,818,508,818
513,549,541,549,541,638,537,638,536,640,536,643,513,643
518,165,531,165,531,169,532,170,550,170,550,259,528,259,526,260,526,264,518,264
518,270,550,270,550,306,547,306,546,308,546,311,523,311,522,312,522,316,518,316
513,393,517,393,518,392,518,322,546,322,546,397,542,397,541,398,541,401,513,401
532,407,555,407,555,411,552,411,550,412,550,525,552,526,555,526,555,529,552,529,550,530,550,534,537,534,537,526,536,525,532,525
571,611,598,611,598,638,576,638,576,635,574,634,571,634
571,834,594,834,594,842,595,843,598,843,598,871,576,871,576,867,574,866,571,866
571,549,603,549,603,558,600,558,598,559,598,605,571,605,571,564,574,564,576,562,576,559,574,558,571,558
571,644,598,644,598,648,600,649,603,649,603,653,600,653,598,654,598,728,600,730,603,730,603,738,604,739,608,739,608,743,600,743,598,744,598,747,590,747,589,749,589,752,585,752,584,753,584,762,576,762,576,758,574,757,571,757
571,772,594,772,594,800,595,801,598,801,598,823,595,823,594,824,594,828,571,828
576,322,579,322,580,321,580,317,603,317,603,387,576,387
576,398,603,398,603,496,600,496,598,497,598,515,600,516,603,516,603,520,600,520,598,521,598,525,580,525,580,512,579,510,576,510
604,521,608,521,609,520,609,497,632,497,632,501,633,502,637,502,637,510,633,510,632,512,632,586,609,586,609,530,608,529,604,529
604,597,608,597,609,596,609,592,613,592,613,596,614,597,618,597,619,596,619,592,632,592,632,619,628,619,628,616,627,615,609,615,609,611,608,610,604,610
600,640,603,640,604,638,604,621,632,621,632,700,633,701,637,701,637,728,609,728,609,715,608,714,604,714,604,649,603,648,600,648
604,744,608,744,609,743,609,739,632,739,632,790,604,790
604,801,637,801,637,833,633,833,632,834,632,852,633,853,637,853,637,866,633,866,632,867,632,871,609,871,609,810,608,809,604,809
