0,1468,12,1468,12,1480,16,1484,60,1484,60,1594,64,1598,76,1598,76,1643,80,1647,92,1647,92,1692,96,1696,108,1696,108,1725,112,1729,124,1729,124,1757,128,1761,140,1761,140,1773,145,1778,157,1778,157,1806,161,1810,173,1810,173,1822,177,1827,189,1827,189,1920,177,1920,173,1924,173,1937,161,1937,157,1941,157,1953,128,1953,124,1957,124,1969,64,1969,64,1941,60,1937,48,1937,48,1924,44,1920,32,1920,32,1908,28,1904,16,1904,16,1875,12,1871,0,1871
112,1386,350,1386,350,1398,354,1402,366,1402,366,1464,370,1468,382,1468,382,1512,386,1517,398,1517,398,1545,402,1549,414,1549,414,1578,418,1582,430,1582,430,1610,435,1614,447,1614,447,1643,451,1647,463,1647,463,1692,467,1696,479,1696,479,1708,483,1712,495,1712,495,1741,499,1745,511,1745,511,1757,515,1761,527,1761,527,1790,531,1794,543,1794,543,1822,547,1827,559,1827,559,1855,563,1859,575,1859,575,1953,467,1953,463,1957,463,1969,354,1969,354,1957,350,1953,338,1953,338,1892,334,1888,322,1888,322,1859,318,1855,306,1855,306,1827,302,1822,290,1822,290,1794,285,1790,273,1790,273,1761,269,1757,257,1757,257,1712,253,1708,241,1708,241,1680,237,1676,225,1676,225,1647,221,1643,209,1643,209,1598,205,1594,193,1594,193,1566,189,1561,177,1561,177,1533,173,1529,161,1529,161,1484,157,1480,145,1480,145,1435,140,1431,128,1431,128,1402,124,1398,112,1398
483,1060,495,1060,499,1056,499,1044,511,1044,515,1039,515,1027,543,1027,543,1039,547,1044,559,1044,559,1056,563,1060,608,1060,608,1072,612,1076,624,1076,624,1137,628,1141,640,1141,640,1154,612,1154,608,1158,608,1170,563,1170,559,1174,559,1186,547,1186,547,1174,543,1170,515,1170,515,1158,511,1154,499,1154,499,1109,495,1105,483,1105
531,1190,559,1190,563,1186,563,1174,656,1174,656,1186,660,1190,672,1190,672,1235,676,1239,688,1239,688,1284,692,1288,704,1288,704,1333,708,1337,720,1337,720,1382,725,1386,737,1386,737,1431,612,1431,612,1419,608,1415,596,1415,596,1370,592,1366,580,1366,580,1321,575,1317,563,1317,563,1272,559,1268,547,1268,547,1239,543,1235,531,1235
660,1060,737,1060,741,1056,741,1044,785,1044,789,1039,789,1027,882,1027,886,1023,886,1011,930,1011,930,1023,934,1027,946,1027,946,1039,950,1044,962,1044,962,1105,966,1109,978,1109,978,1154,982,1158,994,1158,994,1219,998,1223,1010,1223,1010,1251,1015,1256,1027,1256,1027,1300,1031,1305,1043,1305,1043,1333,1047,1337,1059,1337,1059,1382,1063,1386,1075,1386,1075,1447,1079,1451,1091,1451,1091,1496,1095,1500,1107,1500,1107,1578,1095,1578,1091,1582,1091,1594,1079,1594,1075,1598,1075,1610,1063,1610,1059,1614,1059,1627,998,1627,994,1631,994,1643,918,1643,914,1647,914,1659,870,1659,870,1647,865,1643,853,1643,853,1614,849,1610,837,1610,837,1582,833,1578,821,1578,821,1533,817,1529,805,1529,805,1500,801,1496,789,1496,789,1451,785,1447,773,1447,773,1386,769,1382,757,1382,757,1337,753,1333,741,1333,741,1305,737,1300,725,1300,725,1256,720,1251,708,1251,708,1223,704,1219,692,1219,692,1174,688,1170,676,1170,676,1158,672,1154,660,1154
725,1614,817,1614,817,1627,821,1631,833,1631,833,1692,805,1692,801,1696,801,1708,741,1708,741,1680,737,1676,725,1676
773,1745,849,1745,853,1741,853,1729,882,1729,882,1773,886,1778,898,1778,898,1806,902,1810,914,1810,914,1855,918,1859,930,1859,930,1888,934,1892,946,1892,946,1920,950,1924,962,1924,962,1953,918,1953,914,1957,914,1969,853,1969,853,1957,849,1953,837,1953,837,1924,833,1920,821,1920,821,1892,817,1888,805,1888,805,1843,801,1839,789,1839,789,1810,785,1806,773,1806
870,1663,914,1663,918,1659,918,1647,994,1647,998,1643,998,1631,1059,1631,1063,1627,1063,1614,1075,1614,1079,1610,1079,1598,1107,1598,1107,1610,1111,1614,1123,1614,1123,1643,1127,1647,1139,1647,1139,1676,1143,1680,1155,1680,1155,1708,1160,1712,1172,1712,1172,1725,1176,1729,1188,1729,1188,1773,1192,1778,1204,1778,1204,1790,1208,1794,1220,1794,1220,1822,1224,1827,1236,1827,1236,1855,1240,1859,1252,1859,1252,1888,1256,1892,1268,1892,1268,1937,1256,1937,1252,1941,1252,1953,1192,1953,1188,1957,1188,1969,1160,1969,1155,1973,1155,1986,1015,1986,1015,1973,1010,1969,998,1969,998,1957,994,1953,982,1953,982,1924,978,1920,966,1920,966,1875,962,1871,950,1871,950,1843,946,1839,934,1839,934,1794,930,1790,918,1790,918,1761,914,1757,902,1757,902,1712,898,1708,886,1708,886,1680,882,1676,870,1676
1288,1517,1317,1517,1321,1512,1321,1500,1333,1500,1333,1512,1337,1517,1413,1517,1413,1529,1417,1533,1494,1533,1494,1545,1498,1549,1510,1549,1510,1561,1514,1566,1526,1566,1526,1610,1530,1614,1542,1614,1542,1627,1546,1631,1558,1631,1558,1708,1562,1712,1574,1712,1574,1741,1514,1741,1510,1745,1510,1757,1433,1757,1433,1745,1429,1741,1353,1741,1353,1712,1349,1708,1337,1708,1337,1696,1333,1692,1321,1692,1321,1663,1317,1659,1305,1659,1305,1582,1300,1578,1288,1578
1450,1419,1462,1419,1466,1415,1466,1370,1510,1370,1510,1382,1514,1386,1558,1386,1558,1398,1562,1402,1607,1402,1607,1415,1611,1419,1623,1419,1623,1431,1627,1435,1655,1435,1655,1447,1659,1451,1671,1451,1671,1464,1675,1468,1687,1468,1687,1480,1691,1484,1703,1484,1703,1496,1707,1500,1719,1500,1719,1512,1723,1517,1752,1517,1752,1529,1756,1533,1768,1533,1768,1578,1772,1582,1784,1582,1784,1627,1788,1631,1800,1631,1800,1692,1788,1692,1784,1696,1784,1741,1772,1741,1768,1745,1768,1773,1756,1773,1752,1778,1752,1806,1723,1806,1719,1810,1719,1822,1691,1822,1687,1827,1687,1839,1643,1839,1639,1843,1639,1855,1578,1855,1578,1843,1574,1839,1562,1839,1562,1827,1558,1822,1546,1822,1546,1761,1558,1761,1562,1757,1562,1745,1607,1745,1611,1741,1611,1729,1623,1729,1627,1725,1627,1696,1639,1696,1643,1692,1643,1598,1639,1594,1627,1594,1627,1566,1623,1561,1611,1561,1611,1549,1607,1545,1595,1545,1595,1533,1590,1529,1578,1529,1578,1517,1574,1512,1562,1512,1562,1500,1558,1496,1514,1496,1514,1484,1510,1480,1466,1480,1466,1468,1462,1464,1450,1464
1659,783,1671,783,1675,778,1675,636,1687,636,1691,632,1691,522,1703,522,1707,517,1707,505,1768,505,1768,517,1772,522,1816,522,1816,583,1820,587,1832,587,1832,599,1820,599,1816,603,1816,615,1804,615,1800,619,1800,827,1788,827,1784,831,1784,844,1659,844
1707,424,1719,424,1723,420,1723,277,1735,277,1740,273,1740,163,1848,163,1852,159,1852,146,1864,146,1864,207,1852,207,1848,212,1848,354,1836,354,1832,358,1832,436,1820,436,1816,440,1816,452,1707,452
1804,619,1816,619,1820,615,1820,603,1832,603,1832,615,1836,619,1848,619,1852,615,1852,603,1864,603,1864,762,1852,762,1848,766,1848,778,1836,778,1836,766,1832,762,1820,762,1816,766,1816,778,1804,778
1820,440,1832,440,1836,436,1836,358,1897,358,1897,468,1836,468,1836,456,1832,452,1820,452
1820,489,1832,489,1836,485,1836,473,1880,473,1880,485,1885,489,1897,489,1897,501,1885,501,1880,505,1880,599,1836,599,1836,587,1832,583,1820,583
3544,1305,3556,1305,3560,1300,3560,1272,3572,1272,3576,1268,3576,1256,3588,1256,3592,1251,3592,1223,3604,1223,3608,1219,3608,1207,3620,1207,3625,1203,3625,1190,3701,1190,3701,1203,3689,1203,3685,1207,3685,1251,3673,1251,3669,1256,3669,1268,3657,1268,3653,1272,3653,1300,3641,1300,3637,1305,3637,1333,3544,1333
3705,1239,3717,1239,3721,1235,3721,1207,3733,1207,3737,1203,3737,1190,3782,1190,3782,1203,3786,1207,3830,1207,3830,1235,3818,1235,3814,1239,3814,1251,3802,1251,3798,1256,3798,1268,3737,1268,3737,1256,3733,1251,3705,1251
3802,1288,3814,1288,3818,1284,3818,1272,3830,1272,3834,1268,3834,1256,3846,1256,3850,1251,3850,1239,3862,1239,3866,1235,3866,1223,3878,1223,3882,1219,3882,1207,3991,1207,3991,1219,3995,1223,4007,1223,4007,1235,3995,1235,3991,1239,3991,1268,3963,1268,3959,1272,3959,1284,3947,1284,3943,1288,3943,1317,3931,1317,3927,1321,3927,1333,3802,1333
