226,497,229,497,230,496,230,479,233,479,233,478,233,469,236,469,237,468,237,458,240,458,240,457,240,444,243,444,244,443,244,437,257,437,257,440,258,441,261,441,261,454,258,454,257,455,257,457,255,457,254,458,254,468,251,468,250,469,250,482,248,482,247,483,247,506,244,506,243,507,243,538,226,538
230,542,243,542,243,559,230,559
230,563,243,563,243,566,244,567,247,567,247,583,248,584,250,584,250,594,251,595,254,595,254,604,237,604,237,591,236,590,233,590,233,574,233,573,230,573
255,539,268,539,268,541,269,542,275,542,275,545,276,546,279,546,279,555,276,555,275,556,275,636,262,636,262,633,261,632,255,632
258,413,261,413,262,412,262,409,275,409,276,408,276,406,282,406,282,468,279,468,279,469,279,527,262,527,262,525,261,524,258,524,258,462,261,462,262,461,262,441,261,440,258,440,258,423,261,423,262,422,262,416,261,415,258,415
287,500,303,500,303,524,287,524
287,469,303,469,303,492,287,492
336,423,339,423,340,422,340,420,342,420,342,422,343,423,357,423,357,426,354,426,353,427,353,440,336,440
333,469,335,469,336,468,336,448,346,448,347,447,347,444,349,444,349,447,350,448,353,448,353,489,336,489,336,476,335,475,333,475
333,514,335,514,336,513,336,500,342,500,342,503,343,504,349,504,349,506,350,507,353,507,353,531,350,531,349,532,349,545,343,545,343,542,342,541,333,541
333,647,346,647,347,646,347,644,349,644,349,667,336,667,336,665,335,664,333,664
340,406,342,406,343,405,343,399,346,399,347,398,347,395,353,395,353,398,354,399,360,399,360,412,357,412,357,413,357,419,347,419,347,416,346,415,340,415
389,493,392,493,393,492,393,490,406,490,406,510,403,510,403,511,403,524,389,524
389,542,403,542,403,555,403,556,406,556,406,569,403,569,403,570,403,594,403,595,406,595,406,608,389,608
407,514,420,514,420,555,418,555,417,556,417,566,418,567,420,567,420,569,418,569,417,570,417,573,407,573
407,577,420,577,420,580,418,580,417,581,417,594,418,595,420,595,420,608,418,608,417,609,417,611,414,611,414,609,413,608,411,608,411,602,410,601,407,601
