67,84,69,84,70,83,70,81,94,81,94,83,94,84,97,84,97,111,97,112,100,112,100,161,100,162,103,162,103,205,73,205,73,193,72,192,70,192,70,159,69,158,67,158
73,228,75,228,76,227,76,212,103,212,103,221,104,221,106,221,106,239,104,239,103,240,103,249,104,250,106,250,106,283,107,284,109,284,109,305,94,305,94,306,94,308,91,308,91,306,91,305,85,305,84,306,84,308,82,308,82,306,81,305,76,305,76,281,75,280,73,280
376,381,378,381,379,380,379,353,403,353,403,358,403,359,406,359,406,367,403,367,403,368,403,389,403,390,406,390,406,392,400,392,400,393,400,396,400,396,403,396,403,402,400,402,400,403,400,417,397,417,397,418,397,424,394,424,394,421,393,421,376,421
373,428,390,428,391,427,391,425,393,425,393,427,394,428,397,428,397,430,397,431,400,431,400,464,400,465,403,465,403,467,400,467,400,468,400,474,376,474,376,437,375,436,373,436
385,118,387,118,388,117,388,115,390,115,390,117,391,118,412,118,412,121,413,121,424,121,424,124,425,125,427,125,427,136,425,136,424,137,424,139,413,139,413,137,412,136,397,136,397,134,397,133,385,133
391,268,393,268,394,267,394,250,397,250,397,249,397,246,433,246,434,246,434,243,439,243,439,249,440,250,442,250,442,283,443,284,446,284,446,289,446,290,449,290,449,292,449,293,452,293,452,305,449,305,449,306,449,308,446,308,446,309,446,311,443,311,443,309,442,308,434,308,434,306,433,305,431,305,431,303,430,302,428,302,428,300,427,299,413,299,412,300,412,302,403,302,403,300,403,299,397,299,397,296,397,296,394,296,394,293,393,292,391,292,391,284,393,284,394,283,394,278,393,277,391,277
397,418,400,418,400,417,400,403,403,403,403,402,403,396,406,396,406,399,407,400,430,400,430,449,431,450,433,450,433,480,434,481,436,481,436,496,403,496,403,493,403,492,400,492,400,468,403,468,403,467,403,465,403,464,400,464,400,431,400,430,397,430
403,353,406,353,407,352,407,334,421,334,421,336,422,337,439,337,439,339,440,340,442,340,442,342,440,342,439,343,439,358,437,358,436,359,436,374,434,374,433,375,433,389,431,389,430,390,430,392,419,392,419,390,418,389,403,389,403,368,406,368,407,367,407,359,406,358,403,358
431,128,436,128,437,127,437,125,439,125,439,127,440,128,442,128,442,139,434,139,434,137,433,136,431,136
437,400,439,400,440,399,440,387,455,387,455,408,437,408
437,412,452,412,452,414,452,415,455,415,455,417,452,417,452,418,452,436,437,436
437,440,439,440,440,439,440,437,442,437,442,439,443,440,446,440,446,439,446,437,452,437,452,439,452,440,455,440,455,464,449,464,449,465,449,467,440,467,440,443,439,442,437,442
440,381,442,381,443,380,443,365,446,365,446,364,446,362,458,362,458,364,459,365,461,365,461,371,459,371,458,371,458,383,455,383,455,384,455,386,446,386,446,384,446,383,440,383
455,309,458,309,459,308,459,306,461,306,462,305,462,300,476,300,476,302,474,302,473,303,473,305,471,305,470,306,470,311,468,311,467,312,467,317,459,317,459,315,458,314,455,314
462,231,464,231,465,230,465,228,470,228,470,230,471,231,473,231,473,233,474,234,476,234,476,239,477,240,479,240,479,249,480,250,482,250,482,258,474,258,473,259,473,261,471,261,471,253,470,252,468,252,468,243,467,242,465,242,465,240,464,239,462,239
468,287,470,287,471,286,471,262,473,262,474,261,474,259,482,259,482,283,480,283,479,284,479,296,477,296,476,296,476,299,471,299,471,296,470,296,468,296
520,375,531,375,531,380,532,381,534,381,534,386,532,386,531,387,531,389,529,389,529,387,528,386,520,386
526,87,528,87,529,86,529,81,531,81,532,80,532,78,537,78,538,77,538,75,553,75,553,77,553,78,565,78,565,80,566,81,620,81,620,83,621,84,635,84,635,86,636,87,641,87,641,92,642,93,644,93,644,108,645,109,647,109,647,117,645,117,644,118,644,121,642,121,641,121,641,124,624,124,624,121,623,121,612,121,611,121,611,124,608,124,608,121,608,121,602,121,602,121,602,124,596,124,596,121,595,121,538,121,538,118,537,117,535,117,535,115,534,114,529,114,529,103,528,102,526,102
