134,250,136,250,137,249,137,246,142,246,143,246,143,243,145,243,146,242,146,240,152,240,152,242,152,243,155,243,155,246,155,246,158,246,158,249,158,250,161,250,161,252,162,253,164,253,164,261,162,261,161,262,161,264,158,264,158,265,158,267,155,267,155,268,155,271,143,271,143,268,142,267,140,267,140,265,139,264,137,264,137,262,136,261,134,261
165,162,179,162,179,164,180,165,182,165,182,167,183,168,185,168,185,230,165,230
171,118,173,118,174,117,174,115,176,115,177,114,177,112,191,112,191,114,192,115,194,115,194,127,192,127,191,128,191,130,189,130,188,131,188,133,177,133,177,131,176,130,174,130,174,128,173,127,171,127
171,275,173,275,174,274,174,271,176,271,177,271,177,268,191,268,191,277,192,278,194,278,194,286,192,286,191,287,191,292,186,292,185,293,185,296,183,296,183,293,182,292,174,292,174,290,173,289,171,289
213,115,216,115,217,114,217,106,222,106,223,105,223,103,225,103,225,105,226,106,246,106,246,108,247,109,259,109,259,111,259,112,265,112,265,114,265,115,268,115,268,117,269,118,274,118,274,121,275,121,277,121,277,124,278,125,280,125,280,130,278,130,277,131,277,136,275,136,274,137,274,139,272,139,271,140,271,142,269,142,269,140,268,139,262,139,262,137,262,136,259,136,259,134,259,133,253,133,253,131,252,130,247,130,247,128,246,127,238,127,238,125,237,124,217,124,217,118,216,117,213,117
223,281,225,281,226,280,226,278,231,278,232,277,232,275,246,275,247,274,247,271,252,271,253,271,253,268,259,268,259,267,259,265,262,265,262,264,262,262,271,262,271,264,272,265,277,265,277,267,278,268,280,268,280,271,281,271,283,271,283,280,278,280,277,281,277,283,272,283,271,284,271,286,269,286,268,287,268,289,262,289,262,290,262,292,256,292,256,293,256,296,238,296,237,296,237,299,223,299
278,143,280,143,281,142,281,140,283,140,284,139,284,137,289,137,290,136,290,134,295,134,295,139,296,140,298,140,298,146,299,146,301,146,301,149,302,150,304,150,304,152,305,153,307,153,307,155,308,156,311,156,311,161,311,162,314,162,314,164,314,165,317,165,317,171,317,171,320,171,320,177,320,178,323,178,323,196,320,196,320,196,320,217,317,217,317,218,317,230,314,230,314,231,314,233,305,233,305,231,304,230,296,230,296,228,295,227,293,227,293,225,295,225,296,224,296,209,298,209,299,208,299,181,298,180,296,180,296,171,295,171,293,171,293,168,292,167,290,167,290,162,289,161,287,161,287,159,286,158,284,158,284,156,283,155,281,155,281,153,280,152,278,152
278,253,280,253,281,252,281,250,283,250,284,249,284,243,286,243,287,242,287,240,289,240,290,239,290,237,295,237,295,239,296,240,304,240,304,242,305,243,307,243,307,252,305,252,304,253,304,255,302,255,301,256,301,261,299,261,298,262,298,264,284,264,284,262,283,261,281,261,281,259,280,258,278,258
489,0,506,0,506,17,507,18,509,18,509,42,510,43,512,43,512,77,513,78,515,78,515,99,501,99,500,100,500,102,495,102,495,100,494,99,492,99,492,96,491,96,489,96
492,115,494,115,495,114,495,112,518,112,518,130,519,131,521,131,521,149,519,149,518,150,518,152,504,152,503,153,503,155,501,155,501,150,500,149,498,149,498,140,497,139,495,139,495,118,494,117,492,117
504,162,528,162,528,224,528,225,531,225,531,242,531,243,534,243,534,255,513,255,513,237,512,236,510,236,510,212,509,211,507,211,507,175,506,174,504,174
519,0,537,0,537,71,522,71,522,65,521,64,519,64
525,78,537,78,537,149,531,149,531,103,531,102,528,102,528,81,528,80,525,80
