58,396,61,396,61,396,61,393,64,393,64,392,64,387,67,387,67,386,67,384,70,384,71,383,71,381,88,381,88,383,89,384,113,384,114,383,114,381,128,381,128,383,129,384,162,384,162,386,163,387,169,387,169,386,169,384,181,384,182,383,182,381,193,381,194,380,194,378,206,378,206,380,206,381,212,381,212,386,210,386,209,387,209,402,206,402,206,403,206,405,179,405,179,403,178,402,169,402,169,403,169,405,166,405,166,403,166,402,101,402,101,403,101,405,58,405
129,3,132,3,132,2,132,0,153,0,153,61,154,62,156,62,156,64,154,64,153,65,153,67,151,67,150,68,150,71,135,71,135,62,135,61,132,61,132,37,132,36,129,36
160,0,175,0,175,11,176,12,178,12,178,17,176,17,175,18,175,24,176,25,178,25,178,49,179,50,181,50,181,52,179,52,178,53,178,55,176,55,175,56,175,58,163,58,163,37,162,36,160,36
179,0,193,0,193,17,191,17,191,15,190,14,182,14,182,6,181,5,179,5
179,21,181,21,182,21,182,18,193,18,193,52,182,52,182,50,181,49,179,49
386,353,388,353,389,352,389,325,391,325,392,324,392,309,416,309,416,311,417,312,419,312,419,364,420,365,422,365,422,408,407,408,407,409,407,411,395,411,395,409,394,408,392,408,392,403,391,402,389,402,389,359,388,358,386,358
417,215,428,215,428,217,429,218,437,218,437,221,438,221,440,221,440,224,441,225,444,225,444,227,444,228,447,228,447,233,447,234,450,234,450,264,447,264,447,265,447,271,444,271,444,271,444,274,441,274,440,275,440,277,438,277,437,278,437,280,429,280,428,281,428,283,420,283,420,281,419,280,417,280,417,275,419,275,420,274,420,271,425,271,426,271,426,268,431,268,432,267,432,265,434,265,435,264,435,259,437,259,438,258,438,240,437,239,435,239,435,237,434,236,432,236,432,234,431,233,429,233,429,231,428,230,426,230,426,228,425,227,420,227,420,225,419,224,417,224
423,303,440,303,440,339,429,339,428,340,428,342,426,342,426,331,425,330,423,330
426,343,440,343,440,367,441,368,444,368,444,408,441,408,440,409,440,411,429,411,429,409,428,408,426,408
435,440,453,440,453,489,438,489,438,443,437,442,435,442
485,0,505,0,505,14,500,14,500,12,499,11,488,11,488,9,487,8,485,8
491,393,493,393,494,392,494,390,515,390,515,467,494,467,494,437,493,436,491,436,491,409,493,409,494,408,494,403,493,402,491,402
