136,606,140,606,142,605,142,540,182,540,182,557,177,557,176,558,176,611,171,611,170,612,170,629,142,629,142,624,140,623,136,623
136,342,140,342,142,340,142,282,146,282,148,280,148,276,182,276,182,298,177,298,176,300,176,364,142,364,142,360,140,358,136,358
189,324,194,324,195,322,195,306,200,306,201,304,201,288,205,288,207,286,207,282,211,282,213,280,213,270,217,270,219,268,219,264,223,264,225,262,225,252,229,252,231,250,231,246,241,246,241,250,242,252,247,252,247,256,248,258,253,258,253,262,254,264,259,264,259,268,254,268,253,270,253,280,248,280,247,282,247,286,242,286,241,288,241,292,237,292,235,294,235,304,231,304,229,306,229,322,225,322,223,324,223,340,225,342,229,342,229,358,231,360,235,360,235,370,237,372,241,372,241,382,237,382,235,384,235,388,207,388,207,384,205,382,201,382,201,372,200,370,195,370,195,354,194,352,189,352
195,570,200,570,201,569,201,552,205,552,207,551,207,540,211,540,213,539,213,534,217,534,219,533,219,522,223,522,225,521,225,510,241,510,241,515,242,516,247,516,247,521,248,522,259,522,259,533,254,533,253,534,253,539,248,539,247,540,247,545,242,545,241,546,241,557,237,557,235,558,235,563,231,563,229,564,229,581,225,581,223,582,223,599,225,600,229,600,229,623,231,624,235,624,235,641,207,641,207,636,205,635,201,635,201,624,200,623,195,623
266,48,288,48,288,52,290,54,306,54,306,88,302,88,300,90,300,94,272,94,271,96,271,100,266,100
260,114,265,114,266,112,266,102,271,102,272,100,272,96,282,96,282,100,284,102,300,102,300,130,296,130,294,132,294,142,278,142,278,138,277,136,266,136,265,138,265,142,260,142
272,0,300,0,300,4,302,6,306,6,306,34,302,34,300,36,300,40,302,42,306,42,306,46,302,46,300,48,300,52,290,52,290,48,288,46,278,46,278,42,277,40,272,40
308,90,312,90,314,88,314,66,330,66,330,88,325,88,324,90,324,112,308,112
314,18,330,18,330,64,314,64
468,522,472,522,474,521,474,516,496,516,496,521,497,522,502,522,502,539,497,539,496,540,496,593,491,593,490,594,490,599,468,599
468,318,472,318,474,316,474,258,502,258,502,304,497,304,496,306,496,334,491,334,490,336,490,340,474,340,474,330,472,328,468,328
509,300,514,300,515,298,515,276,520,276,521,274,521,264,525,264,527,262,527,246,531,246,533,244,533,234,537,234,539,232,539,228,549,228,549,232,551,234,561,234,561,238,562,240,567,240,567,250,562,250,561,252,561,262,557,262,555,264,555,274,551,274,549,276,549,286,545,286,543,288,543,328,545,330,549,330,549,346,551,348,555,348,555,364,539,364,537,366,537,370,527,370,527,366,525,364,521,364,521,348,520,346,515,346,515,324,514,322,509,322
509,552,514,552,515,551,515,534,520,534,521,533,521,522,525,522,527,521,527,504,531,504,533,503,533,492,537,492,539,491,539,486,543,486,543,491,545,492,555,492,555,497,557,498,561,498,561,515,557,515,555,516,555,527,551,527,549,528,549,539,545,539,543,540,543,557,539,557,537,558,537,593,539,594,543,594,543,617,515,617,515,600,514,599,509,599
841,384,845,384,847,382,847,366,851,366,853,364,853,360,857,360,859,358,859,342,863,342,865,340,865,330,869,330,871,328,871,324,893,324,893,328,894,330,899,330,899,340,894,340,893,342,893,358,888,358,887,360,887,376,882,376,881,378,881,382,877,382,875,384,875,388,871,388,869,390,869,394,865,394,863,396,863,400,859,400,857,402,857,406,853,406,853,402,851,400,841,400
877,138,881,138,882,136,882,126,887,126,888,124,888,102,893,102,894,100,894,78,899,78,900,76,900,72,905,72,905,76,906,78,922,78,922,106,918,106,917,108,917,136,912,136,911,138,911,142,906,142,905,144,905,154,900,154,899,156,899,166,882,166,882,162,881,160,877,160
906,546,911,546,912,545,912,474,917,474,918,472,918,468,922,468,924,466,924,462,934,462,934,472,936,474,940,474,940,497,942,498,946,498,946,557,942,557,940,558,940,581,936,581,934,582,934,593,906,593
912,174,917,174,918,172,918,156,922,156,924,154,924,138,928,138,930,136,930,114,934,114,936,112,936,96,940,96,942,94,942,84,958,84,958,88,960,90,964,90,964,94,965,96,970,96,970,118,965,118,964,120,964,142,960,142,958,144,958,160,954,160,952,162,952,166,948,166,946,168,946,178,912,178
1131,270,1136,270,1137,268,1137,258,1142,258,1143,256,1143,252,1148,252,1148,256,1149,258,1154,258,1154,268,1155,270,1160,270,1160,286,1161,288,1165,288,1165,310,1161,310,1160,312,1160,316,1137,316,1137,288,1136,286,1131,286
