293,200,295,200,296,199,296,196,298,196,299,196,299,193,310,193,310,196,311,196,319,196,319,199,320,200,328,200,328,202,329,203,334,203,334,205,335,206,337,206,337,208,338,209,343,209,343,211,344,212,346,212,346,214,347,215,349,215,349,217,350,218,352,218,352,221,353,221,355,221,355,224,356,225,358,225,358,227,359,228,361,228,361,233,362,234,364,234,364,246,365,246,368,246,368,258,353,258,352,259,352,261,350,261,350,256,349,255,347,255,347,246,346,246,344,246,344,237,343,236,341,236,341,234,340,233,338,233,338,231,337,230,335,230,335,228,334,227,332,227,332,225,331,224,329,224,329,221,328,221,326,221,326,218,325,217,317,217,317,215,316,214,308,214,308,212,307,211,299,211,299,209,298,208,296,208,296,206,295,205,293,205
302,318,304,318,305,317,305,315,307,315,308,314,308,312,325,312,326,311,326,309,331,309,332,308,332,306,334,306,335,305,335,303,337,303,338,302,338,300,340,300,341,299,341,296,343,296,344,296,344,290,349,290,349,292,350,293,361,293,361,296,359,296,358,296,358,305,356,305,355,306,355,308,353,308,352,309,352,311,350,311,349,312,349,314,347,314,346,315,346,317,341,317,340,318,340,321,335,321,334,321,334,324,326,324,325,325,325,327,317,327,316,328,316,330,302,330
347,281,349,281,350,280,350,262,352,262,353,261,353,259,368,259,368,267,365,267,364,268,364,286,362,286,361,287,361,292,350,292,350,290,349,289,347,289
414,206,416,206,417,205,417,203,455,203,455,211,453,211,452,212,452,283,453,284,455,284,455,292,453,292,452,293,452,352,420,352,420,350,419,349,417,349,417,331,419,331,420,330,420,278,419,277,417,277,417,221,416,221,414,221
465,206,470,206,471,205,471,203,494,203,494,205,495,206,497,206,497,255,495,255,494,256,494,261,495,262,497,262,497,342,474,342,474,340,473,339,471,339,471,334,473,334,474,333,474,300,473,299,471,299,471,231,470,230,468,230,468,212,467,211,465,211
471,350,485,350,486,349,486,346,488,346,488,349,489,350,491,350,492,349,492,346,494,346,494,349,495,350,497,350,497,364,495,364,494,365,494,367,480,367,479,368,479,371,474,371,474,368,473,367,471,367
471,381,473,381,474,380,474,378,482,378,483,377,483,375,485,375,485,377,486,378,494,378,494,442,495,443,497,443,497,452,474,452,474,400,473,399,471,399
474,459,476,459,477,458,477,456,479,456,479,458,480,459,497,459,497,499,474,499
504,206,528,206,528,211,528,212,531,212,531,258,528,258,528,259,528,261,522,261,522,259,522,258,513,258,513,259,513,261,507,261,507,246,507,246,504,246
504,334,507,334,507,333,507,265,522,265,522,264,522,262,525,262,525,264,525,265,528,265,528,267,528,268,531,268,531,321,528,321,528,321,528,389,504,389
501,412,504,412,504,411,504,396,528,396,528,492,522,492,522,490,522,489,507,489,507,487,507,486,504,486,504,440,504,439,501,439,501,425,504,425,504,424,504,418,504,417,501,417
