48,250,51,250,51,249,51,218,60,218,60,221,60,221,66,221,66,242,63,242,63,243,63,274,63,275,66,275,66,280,66,281,69,281,69,286,70,287,72,287,72,292,73,293,75,293,75,299,76,300,78,300,78,305,73,305,72,306,72,308,70,308,69,309,69,314,66,314,66,312,66,311,63,311,63,306,63,305,60,305,60,300,60,299,57,299,57,293,57,292,54,292,54,287,54,286,51,286,51,278,51,277,48,277
54,203,57,203,57,202,57,196,60,196,60,199,60,200,69,200,69,208,66,208,66,209,66,214,54,214
60,187,63,187,63,186,63,184,66,184,66,183,66,178,69,178,70,177,70,171,72,171,73,171,73,165,75,165,76,164,76,162,78,162,79,161,79,159,81,159,82,158,82,156,84,156,85,155,85,153,87,153,88,152,88,150,90,150,91,149,91,146,93,146,94,146,94,143,102,143,103,142,103,140,111,140,112,139,112,137,136,137,136,139,137,140,148,140,148,142,149,143,157,143,157,146,158,146,160,146,160,155,158,155,157,156,157,158,143,158,143,156,142,155,130,155,130,153,130,152,118,152,117,153,117,155,109,155,108,156,108,158,106,158,105,159,105,161,100,161,99,162,99,164,97,164,96,165,96,167,94,167,93,168,93,171,91,171,90,171,90,174,88,174,87,175,87,177,85,177,84,178,84,180,82,180,81,181,81,183,79,183,78,184,78,189,76,189,75,190,75,196,66,196,66,193,66,192,60,192
70,315,75,315,76,314,76,312,78,312,79,311,79,309,84,309,84,311,85,312,87,312,87,314,88,315,90,315,90,317,91,318,93,318,93,321,94,321,96,321,96,324,97,325,102,325,102,327,103,328,108,328,108,330,109,331,117,331,117,333,118,334,136,334,137,333,137,331,142,331,143,330,143,328,145,328,145,330,146,331,151,331,151,342,143,342,142,343,142,346,130,346,130,346,130,349,106,349,106,346,105,346,97,346,97,343,96,342,94,342,94,340,93,339,88,339,88,337,87,336,85,336,85,334,84,333,82,333,82,331,81,330,79,330,79,328,78,327,76,327,76,325,75,324,73,324,73,318,72,317,70,317
173,175,175,175,176,174,176,171,178,171,179,171,179,168,181,168,181,171,182,171,184,171,184,177,185,178,188,178,188,183,188,184,191,184,191,189,191,190,194,190,194,196,194,196,197,196,197,208,197,209,200,209,200,221,200,221,203,221,203,252,191,252,191,225,191,224,188,224,188,215,188,214,185,214,185,206,184,205,182,205,182,196,181,196,179,196,179,187,178,186,176,186,176,181,175,180,173,180
182,281,184,281,185,280,185,271,188,271,188,271,188,259,191,259,191,258,191,256,194,256,194,258,194,259,203,259,203,261,200,261,200,262,200,277,197,277,197,278,197,286,194,286,194,287,194,289,188,289,188,287,188,286,185,286,185,284,184,283,182,283
240,306,242,306,243,305,243,215,245,215,246,214,246,140,248,140,249,139,249,137,251,137,251,139,252,140,276,140,276,158,274,158,273,159,273,258,271,258,270,259,270,317,267,317,267,318,267,333,264,333,264,334,264,336,258,336,258,334,258,333,243,333,243,331,242,330,240,330
289,315,291,315,292,314,292,312,322,312,322,371,319,371,318,371,318,471,316,471,315,471,315,489,298,489,298,484,297,483,295,483,295,462,294,461,292,461,292,434,291,433,289,433,289,368,291,368,292,367,292,318,291,317,289,317
319,493,322,493,322,492,322,446,325,446,325,446,325,443,346,443,346,458,344,458,343,459,343,499,319,499
325,393,328,393,328,392,328,359,331,359,331,358,331,356,352,356,352,396,350,396,349,396,349,427,350,428,352,428,352,436,350,436,349,437,349,439,347,439,346,440,346,442,344,442,344,440,343,439,325,439
328,331,331,331,331,330,331,328,346,328,346,330,347,331,349,331,349,333,350,334,355,334,355,339,353,339,352,340,352,352,334,352,334,353,334,355,331,355,331,334,331,333,328,333
331,228,334,228,334,227,334,187,355,187,355,239,353,239,352,240,352,264,331,264
331,275,334,275,334,274,334,271,349,271,349,274,350,275,352,275,352,299,350,299,349,300,349,324,331,324
356,243,358,243,359,242,359,187,361,187,362,186,362,184,364,184,364,186,365,187,379,187,379,211,377,211,376,212,376,249,374,249,373,250,373,252,356,252
353,275,355,275,356,274,356,256,373,256,373,342,356,342,356,334,355,333,353,333,353,321,355,321,356,321,356,278,355,277,353,277
383,356,385,356,386,355,386,328,404,328,404,396,401,396,401,396,401,399,389,399,389,396,388,396,386,396,386,393,385,392,383,392
441,440,443,440,444,439,444,437,455,437,455,439,456,440,459,440,459,455,456,455,455,456,455,492,453,492,452,493,452,496,441,496,441,456,443,456,444,455,444,446,443,446,441,446
444,243,446,243,447,242,447,231,455,231,456,230,456,228,462,228,462,230,462,231,465,231,465,252,462,252,462,253,462,286,459,286,459,287,459,296,447,296,447,293,446,292,444,292
481,356,483,356,484,355,484,300,486,300,487,299,487,284,489,284,490,283,490,275,492,275,493,274,493,265,495,265,496,264,496,262,498,262,499,261,499,256,504,256,505,255,505,253,507,253,508,252,508,243,510,243,511,242,511,240,513,240,514,239,514,234,516,234,517,233,517,231,519,231,520,230,520,225,526,225,526,227,526,228,529,228,529,233,529,234,541,234,541,239,542,240,544,240,544,255,545,256,547,256,547,308,548,309,550,309,550,361,551,362,553,362,553,367,551,367,550,368,550,371,545,371,544,371,544,374,542,374,541,375,541,377,538,377,538,378,538,392,538,393,541,393,541,399,538,399,538,400,538,408,535,408,535,409,535,411,532,411,532,412,532,414,526,414,526,415,526,417,520,417,520,415,519,414,511,414,511,412,510,411,508,411,508,409,507,408,502,408,502,406,501,405,499,405,499,403,498,402,496,402,496,400,495,399,493,399,493,390,492,389,490,389,490,381,489,380,484,380,484,378,483,377,481,377
581,343,583,343,584,342,584,296,605,296,605,339,602,339,602,340,602,377,599,377,599,378,599,380,593,380,593,378,593,377,581,377
584,231,586,231,587,230,587,203,608,203,608,264,605,264,605,265,605,289,602,289,602,290,602,292,593,292,593,290,593,289,584,289
