132,278,134,278,135,277,135,246,138,246,138,246,138,243,141,243,141,246,141,246,187,246,187,252,188,253,190,253,190,261,188,261,187,262,187,264,188,265,190,265,190,277,188,277,187,278,187,286,188,287,190,287,190,371,191,371,193,371,193,399,194,400,196,400,196,421,197,421,199,421,199,436,200,437,202,437,202,452,203,453,205,453,205,471,206,471,208,471,208,474,206,474,205,475,205,477,203,477,202,478,202,480,194,480,193,481,193,483,178,483,178,484,178,486,144,486,144,484,144,483,132,483
138,90,141,90,141,89,141,25,144,25,144,24,144,21,144,21,141,21,141,9,178,9,178,11,178,12,215,12,215,14,215,15,218,15,218,27,215,27,215,28,215,46,212,46,212,46,212,61,209,61,208,62,208,77,206,77,205,78,205,96,203,96,202,96,202,111,200,111,199,112,199,130,197,130,196,131,196,161,194,161,193,162,193,214,191,214,190,215,190,239,188,239,187,240,187,246,185,246,185,243,184,242,182,242,182,240,181,239,154,239,154,237,153,236,141,236,141,234,141,233,138,233
203,206,205,206,206,205,206,187,208,187,209,186,209,171,212,171,212,171,212,156,215,156,215,155,215,137,218,137,219,136,219,125,221,125,222,124,222,112,224,112,225,111,225,96,227,96,228,96,228,84,230,84,231,83,231,75,246,75,246,77,246,78,249,78,249,80,249,81,286,81,286,83,286,84,292,84,292,89,289,89,289,90,289,99,286,99,286,100,286,108,283,108,283,109,283,117,280,117,279,118,279,127,277,127,276,128,276,136,274,136,273,137,273,146,271,146,270,146,270,155,268,155,267,156,267,164,265,164,264,165,264,174,262,174,261,175,261,186,259,186,258,187,258,205,256,205,255,206,255,286,256,287,258,287,258,308,259,309,261,309,261,327,262,328,264,328,264,342,265,343,267,343,267,355,268,356,270,356,270,364,271,365,273,365,273,374,274,375,276,375,276,383,277,384,279,384,279,392,280,393,283,393,283,399,283,400,286,400,286,408,286,409,289,409,289,417,289,418,292,418,292,424,293,425,295,425,295,433,296,434,298,434,298,442,299,443,301,443,301,452,302,453,304,453,304,458,299,458,298,459,298,461,286,461,286,462,286,464,268,464,267,465,267,467,243,467,242,468,242,471,240,471,240,468,239,467,237,467,237,465,236,464,234,464,234,453,233,452,231,452,231,440,230,439,228,439,228,425,227,424,225,424,225,412,224,411,222,411,222,400,221,399,219,399,219,384,218,383,215,383,215,371,215,371,212,371,212,359,212,358,209,358,209,334,208,333,206,333,206,253,205,252,203,252,203,250,205,250,206,249,206,225,205,224,203,224
237,71,249,71,249,71,249,68,249,67,246,67,246,65,246,64,243,64,243,62,242,61,240,61,240,50,242,50,243,49,243,40,246,40,246,39,246,37,249,37,249,36,249,34,276,34,276,36,277,37,301,37,301,39,302,40,304,40,304,42,305,43,307,43,307,52,305,52,304,53,304,58,302,58,301,59,301,67,299,67,298,68,298,71,296,71,295,71,295,77,293,77,292,78,292,83,286,83,286,81,286,80,249,80,249,78,249,77,246,77,246,75,246,74,237,74
299,212,301,212,302,211,302,184,307,184,307,186,308,187,320,187,320,224,317,224,316,225,316,239,317,240,320,240,320,242,317,242,316,243,316,317,308,317,308,315,307,314,305,314,305,312,307,312,308,311,308,287,307,286,305,286,305,284,304,283,302,283,302,278,301,277,299,277
333,46,353,46,353,49,354,50,369,50,369,102,367,102,366,103,366,111,354,111,354,109,353,108,333,108
326,315,329,315,330,314,330,284,332,284,333,283,333,256,332,255,330,255,330,240,332,240,333,239,333,231,335,231,336,230,336,225,335,224,333,224,333,168,332,167,330,167,330,134,332,134,333,133,333,121,366,121,366,146,367,146,369,146,369,167,370,168,372,168,372,214,373,215,375,215,375,246,376,246,378,246,378,258,376,258,375,259,375,274,373,274,372,275,372,289,370,289,369,290,369,296,370,296,372,296,372,305,373,306,375,306,375,308,373,308,372,309,372,311,373,312,375,312,375,367,373,367,372,368,372,386,370,386,369,387,369,417,367,417,366,418,366,452,354,452,354,450,353,449,348,449,347,450,347,452,339,452,339,450,338,449,330,449,330,428,329,427,326,427,326,390,329,390,330,389,330,387,329,386,326,386,326,362,329,362,330,361,330,318,329,317,326,317
407,118,409,118,410,117,410,68,424,68,424,142,419,142,419,140,418,139,407,139
407,150,424,150,424,249,407,249
404,400,406,400,407,399,407,259,424,259,424,436,422,436,421,437,421,439,416,439,416,437,415,436,404,436
428,34,446,34,446,36,447,37,449,37,449,42,447,42,446,43,446,71,447,71,449,71,449,83,447,83,446,84,446,89,431,89,431,87,431,86,428,86
428,153,431,153,431,152,431,93,446,93,446,164,444,164,444,162,443,161,431,161,431,159,431,158,428,158
428,171,446,171,446,177,444,177,443,178,443,183,444,184,446,184,446,202,444,202,443,203,443,236,444,237,446,237,446,252,444,252,443,253,443,258,444,259,446,259,446,267,441,267,441,265,440,264,428,264
428,278,431,278,431,277,431,275,443,275,443,321,444,321,446,321,446,333,444,333,443,334,443,336,444,337,446,337,446,339,444,339,443,340,443,355,438,355,437,356,437,358,428,358
428,381,446,381,446,383,444,383,443,384,443,424,444,425,446,425,446,446,444,446,443,446,443,471,438,471,437,471,437,474,431,474,431,471,431,471,428,471
450,368,452,368,453,367,453,331,468,331,468,364,465,364,465,365,465,374,465,375,468,375,468,380,453,380,453,378,452,377,450,377
453,175,455,175,456,174,456,125,468,125,468,321,465,321,465,321,465,324,453,324
