23,201,25,201,25,200,25,198,35,198,36,198,36,196,53,196,53,198,54,198,58,198,59,198,59,196,63,196,64,195,64,193,66,193,66,195,67,196,69,196,69,200,69,201,71,201,71,208,72,209,74,209,74,216,74,217,76,217,76,224,77,225,79,225,79,229,80,230,81,230,81,235,82,235,84,235,84,240,85,241,87,241,87,245,87,246,89,246,89,251,90,251,92,251,92,253,92,254,94,254,94,259,95,259,97,259,97,264,98,265,100,265,100,266,100,267,102,267,102,269,103,270,105,270,105,274,105,275,107,275,107,277,108,278,110,278,110,280,110,280,112,280,112,282,113,283,118,283,118,285,118,286,120,286,120,288,121,288,123,288,123,290,123,291,128,291,128,293,129,294,130,294,130,296,131,296,133,296,133,298,134,299,136,299,136,301,136,302,141,302,141,304,141,304,143,304,143,306,144,307,146,307,146,309,147,310,151,310,151,312,152,312,154,312,154,314,154,315,156,315,156,325,154,325,154,325,154,333,149,333,149,333,149,335,147,335,146,336,146,341,144,341,143,341,143,343,141,343,141,344,141,346,139,346,138,347,138,349,136,349,136,349,136,354,134,354,133,355,133,359,126,359,126,357,125,357,118,357,118,355,118,354,116,354,116,352,115,351,113,351,113,349,112,349,110,349,110,347,110,346,108,346,108,344,107,343,105,343,105,341,105,341,103,341,103,339,102,338,100,338,100,336,100,335,98,335,98,333,97,333,95,333,95,331,94,330,92,330,92,328,92,327,87,327,87,325,87,325,82,325,82,323,81,322,80,322,80,320,79,319,77,319,77,318,76,317,74,317,74,315,74,314,72,314,72,312,71,312,67,312,67,310,66,309,64,309,64,304,63,304,61,304,61,302,61,301,59,301,59,299,58,298,56,298,56,296,56,296,54,296,54,294,53,293,51,293,51,288,50,288,49,288,49,283,48,282,46,282,46,275,45,274,43,274,43,265,43,264,41,264,41,254,40,253,38,253,38,246,38,245,36,245,36,238,35,237,33,237,33,227,32,227,30,227,30,219,30,219,28,219,28,214,27,213,25,213,25,209,25,208,23,208
36,132,38,132,38,131,38,129,40,129,41,129,41,127,43,127,43,126,43,124,45,124,46,123,46,121,48,121,49,121,49,116,50,116,51,115,51,113,53,113,54,113,54,108,56,108,56,107,56,106,58,106,59,105,59,100,61,100,61,100,61,98,63,98,64,97,64,95,66,95,67,94,67,90,69,90,69,89,69,87,71,87,72,86,72,84,74,84,74,84,74,82,76,82,77,81,77,76,79,76,80,76,80,74,84,74,85,73,85,71,87,71,87,70,87,68,89,68,90,68,90,66,92,66,92,65,92,63,94,63,95,62,95,60,97,60,98,60,98,58,100,58,100,57,100,55,105,55,105,54,105,53,107,53,108,52,108,50,110,50,110,49,110,47,112,47,113,47,113,45,118,45,118,44,118,42,120,42,121,41,121,39,123,39,123,39,123,37,125,37,125,39,126,39,128,39,128,41,129,42,130,42,130,44,131,45,133,45,133,47,134,47,136,47,136,52,136,53,138,53,138,57,139,58,141,58,141,60,141,60,143,60,143,62,144,63,146,63,146,65,147,66,149,66,149,70,149,71,151,71,151,73,152,74,154,74,154,76,154,76,156,76,156,81,154,81,154,82,154,84,152,84,151,84,151,86,147,86,146,87,146,89,141,89,141,90,141,92,139,92,138,92,138,94,134,94,133,95,133,97,131,97,130,98,130,100,129,100,128,100,128,102,126,102,125,103,125,105,123,105,123,106,123,107,118,107,118,108,118,110,116,110,115,111,115,113,113,113,112,113,112,115,110,115,110,116,110,121,108,121,107,121,107,126,105,126,105,127,105,134,103,134,102,135,102,137,100,137,100,137,100,142,98,142,97,143,97,147,95,147,94,148,94,150,92,150,92,151,92,153,90,153,89,153,89,155,87,155,87,156,87,158,85,158,84,159,84,166,82,166,81,166,81,168,72,168,72,166,71,166,69,166,69,164,69,163,67,163,67,161,66,160,64,160,64,159,63,158,61,158,61,156,61,155,56,155,56,153,56,153,51,153,51,151,50,150,46,150,46,148,45,147,43,147,43,145,43,145,41,145,41,143,40,142,36,142
116,129,138,129,138,131,139,132,154,132,154,155,154,156,156,156,156,187,154,187,154,188,154,190,149,190,149,188,149,187,144,187,143,188,143,190,123,190,123,188,123,187,118,187,118,151,118,150,116,150
118,201,136,201,136,200,136,198,138,198,138,200,139,201,156,201,156,206,157,206,159,206,159,240,160,241,161,241,161,245,160,245,159,246,159,248,160,249,161,249,161,251,160,251,159,251,159,280,144,280,143,280,143,282,139,282,139,280,138,280,126,280,126,278,125,277,123,277,123,275,123,274,121,274,121,272,123,272,123,272,123,267,123,266,121,266,121,227,120,227,118,227
183,71,185,71,185,70,185,47,187,47,188,47,188,45,205,45,205,47,206,47,221,47,221,78,219,78,218,79,218,84,185,84,185,82,185,81,183,81
185,106,205,106,206,105,206,103,210,103,210,105,211,106,213,106,214,105,214,103,221,103,221,105,221,106,223,106,223,145,224,145,226,145,226,150,224,150,223,151,223,153,224,153,226,153,226,155,224,155,223,156,223,208,224,209,226,209,226,288,227,288,229,288,229,314,227,314,226,315,226,317,193,317,193,278,192,277,190,277,190,225,190,224,188,224,188,132,187,131,185,131
229,177,231,177,232,176,232,127,249,127,250,126,250,124,267,124,267,126,268,127,270,127,270,208,270,209,272,209,272,211,270,211,270,212,270,221,270,222,272,222,272,269,270,269,270,270,270,272,268,272,267,272,267,274,234,274,234,246,234,245,232,245,232,198,231,198,229,198,229,182,231,182,232,182,232,180,231,179,229,179
270,58,280,58,280,60,281,60,298,60,298,62,299,63,309,63,309,166,309,166,311,166,311,171,309,171,309,172,309,174,273,174,273,103,272,102,270,102
273,193,275,193,276,192,276,190,278,190,278,192,278,193,309,193,309,195,309,196,311,196,311,200,312,201,314,201,314,216,314,217,316,217,316,219,314,219,314,219,314,290,312,290,311,291,311,319,309,319,309,320,309,322,296,322,296,323,296,325,286,325,285,325,285,327,278,327,278,323,278,322,276,322,276,257,275,256,273,256
309,193,311,193,312,192,312,190,314,190,314,190,314,180,340,180,340,179,340,177,347,177,347,182,348,182,350,182,350,190,348,190,347,190,347,213,343,213,342,214,342,216,340,216,340,217,340,219,335,219,334,219,334,221,327,221,327,219,327,219,317,219,317,217,316,216,314,216,314,201,314,200,312,200,312,196,311,195,309,195
348,58,352,58,353,57,353,55,376,55,376,54,376,53,381,53,381,54,381,55,386,55,386,70,387,71,389,71,389,139,387,139,386,140,386,203,384,203,383,204,383,206,374,206,373,206,373,208,353,208,353,201,352,200,350,200,350,182,350,182,348,182,348,177,350,177,350,176,350,132,350,131,348,131
350,225,352,225,353,224,353,222,363,222,363,221,363,219,376,219,376,219,376,217,389,217,389,221,387,221,386,222,386,232,387,233,389,233,389,269,387,269,386,270,386,290,387,291,389,291,389,333,381,333,381,333,381,335,363,335,363,336,363,338,353,338,353,299,352,298,350,298,350,233,352,233,353,232,353,230,352,229,350,229
