0,280,1,280,1,281,2,282,4,282,4,284,5,285,9,285,9,289,10,290,11,290,11,294,12,295,16,295,16,296,17,297,19,297,19,306,20,307,21,307,21,314,22,315,24,315,24,336,25,337,26,337,26,356,27,357,29,357,29,369,27,369,26,370,26,371,25,371,24,372,24,374,10,374,9,375,9,376,7,376,7,375,6,374,0,374
80,322,81,322,82,321,82,302,86,302,86,304,87,305,101,305,101,306,102,307,104,307,104,319,102,319,101,320,101,336,100,336,99,337,99,351,100,352,101,352,101,361,102,362,104,362,104,371,105,372,106,372,106,379,107,380,109,380,109,384,110,385,111,385,111,389,110,389,109,390,109,391,92,391,92,390,91,389,90,389,90,380,89,379,87,379,87,372,86,371,85,371,85,365,84,364,82,364,82,360,81,359,80,359
87,285,89,285,90,284,90,282,91,282,92,281,92,277,94,277,95,276,95,272,96,272,97,271,97,267,99,267,100,266,100,262,101,262,102,261,102,260,104,260,105,259,105,257,106,257,107,256,107,255,109,255,110,254,110,250,111,250,112,249,112,247,116,247,116,249,117,250,121,250,121,251,122,252,129,252,129,254,130,255,131,255,131,261,130,261,129,262,129,264,127,264,126,265,126,266,125,266,124,267,124,269,122,269,121,270,121,271,120,271,119,272,119,276,117,276,116,277,116,279,115,279,114,280,114,284,112,284,111,285,111,291,110,291,109,292,109,294,100,294,100,292,99,291,95,291,95,290,94,289,87,289
100,407,101,407,102,406,102,405,106,405,107,404,107,402,119,402,119,404,120,405,121,405,121,409,122,410,124,410,124,411,125,412,126,412,126,416,127,417,129,417,129,421,130,422,131,422,131,424,132,425,134,425,134,426,135,427,136,427,136,429,137,430,139,430,139,431,140,432,141,432,141,436,142,437,144,437,144,439,145,440,146,440,146,441,147,442,149,442,149,444,150,445,154,445,154,446,155,447,156,447,156,449,157,450,159,450,159,451,160,452,161,452,161,454,162,455,164,455,164,461,157,461,156,462,156,464,147,464,147,462,146,461,145,461,145,460,144,459,142,459,142,457,141,456,140,456,140,455,139,454,137,454,137,452,136,451,135,451,135,450,134,449,132,449,132,447,131,446,127,446,127,445,126,444,125,444,125,440,124,439,122,439,122,437,121,436,120,436,120,435,119,434,117,434,117,430,116,429,115,429,115,427,114,426,112,426,112,422,111,421,110,421,110,420,109,419,107,419,107,415,106,414,105,414,105,412,104,411,102,411,102,410,101,409,100,409
160,247,161,247,162,246,162,245,164,245,164,246,165,247,174,247,174,249,175,250,179,250,179,251,180,252,199,252,199,254,200,255,201,255,201,296,202,297,204,297,204,319,205,320,206,320,206,341,207,342,209,342,209,369,210,370,211,370,211,371,210,371,209,372,209,374,175,374,174,375,174,376,172,376,172,375,171,374,170,374,170,350,169,349,167,349,167,325,166,324,165,324,165,302,164,301,162,301,162,270,161,269,160,269
170,380,176,380,176,381,177,382,211,382,211,384,212,385,214,385,214,409,215,410,216,410,216,429,217,430,219,430,219,456,220,457,221,457,221,466,197,466,197,465,196,464,182,464,182,462,181,461,180,461,180,442,179,441,177,441,177,422,176,421,175,421,175,405,174,404,172,404,172,387,171,386,170,386
232,317,244,317,245,316,245,315,254,315,254,316,255,317,264,317,264,319,265,320,266,320,266,321,267,322,269,322,269,324,270,325,274,325,274,331,275,332,276,332,276,336,275,336,274,337,274,339,272,339,271,340,271,341,262,341,262,340,261,339,250,339,250,337,249,336,240,336,240,335,239,334,235,334,235,332,234,331,232,331
235,350,279,350,279,411,280,412,281,412,281,416,280,416,279,417,279,419,267,419,267,417,266,416,245,416,245,415,244,414,240,414,240,377,239,376,237,376,237,360,236,359,235,359
255,482,259,482,260,481,260,480,269,480,270,479,270,477,274,477,275,476,275,475,279,475,280,474,280,472,284,472,285,471,285,470,289,470,290,469,290,467,294,467,295,466,295,465,296,465,297,464,297,462,301,462,302,461,302,460,304,460,305,459,305,457,306,457,307,456,307,455,309,455,310,454,310,452,311,452,312,451,312,447,314,447,315,446,315,445,316,445,317,444,317,440,319,440,320,439,320,437,324,437,324,439,325,440,331,440,331,441,332,442,336,442,336,444,335,444,334,445,334,446,332,446,331,447,331,451,330,451,329,452,329,454,327,454,326,455,326,459,325,459,324,460,324,464,322,464,321,465,321,466,320,466,319,467,319,469,317,469,316,470,316,471,315,471,314,472,314,474,312,474,311,475,311,476,307,476,306,477,306,479,302,479,301,480,301,481,297,481,296,482,296,484,290,484,289,485,289,486,285,486,284,487,284,489,277,489,276,490,276,491,270,491,269,492,269,494,260,494,260,492,259,491,257,491,257,490,256,489,255,489
307,280,311,280,312,279,312,277,324,277,324,279,325,280,326,280,326,281,327,282,329,282,329,284,330,285,331,285,331,286,332,287,334,287,334,291,335,292,336,292,336,296,337,297,339,297,339,299,340,300,341,300,341,306,342,307,344,307,344,311,345,312,346,312,346,316,347,317,349,317,349,324,337,324,336,325,336,326,330,326,330,325,329,324,327,324,327,317,326,316,325,316,325,312,324,311,322,311,322,307,321,306,320,306,320,302,319,301,317,301,317,297,316,296,315,296,315,295,314,294,312,294,312,290,311,289,310,289,310,287,309,286,307,286
325,430,326,430,327,429,327,427,329,427,330,426,330,420,331,420,332,419,332,415,336,415,336,416,337,417,349,417,349,421,347,421,346,422,346,426,345,426,344,427,344,431,342,431,341,432,341,436,340,436,339,437,339,439,335,439,335,437,334,436,325,436
337,337,339,337,340,336,340,335,354,335,354,339,355,340,356,340,356,346,357,347,359,347,359,366,340,366,340,350,339,349,337,349
337,397,339,397,340,396,340,382,341,382,342,381,342,375,344,375,344,376,345,377,359,377,359,394,357,394,356,395,356,401,355,401,354,402,354,406,352,406,351,407,351,409,347,409,347,407,346,406,337,406
