58,151,59,151,60,150,60,140,61,140,62,140,62,134,64,134,64,133,64,130,66,130,66,129,66,126,68,126,68,125,68,123,70,123,70,123,70,119,72,119,72,119,72,117,74,117,75,117,75,113,76,113,77,112,77,111,78,111,79,110,79,107,80,107,81,106,81,105,82,105,83,104,83,100,84,100,85,100,85,98,86,98,87,98,87,94,95,94,95,96,95,96,97,96,97,98,97,98,101,98,101,100,102,100,103,100,103,102,104,102,105,102,105,112,104,112,103,113,103,114,102,114,101,115,101,117,100,117,99,117,99,119,97,119,97,119,97,123,95,123,95,123,95,125,93,125,93,126,93,129,91,129,91,130,91,131,89,131,89,132,89,135,87,135,86,136,86,138,85,138,84,138,84,144,83,144,82,144,82,154,81,154,80,155,80,165,81,165,82,165,82,171,83,172,84,172,84,175,85,176,86,176,86,180,87,180,89,180,89,182,89,182,91,182,91,186,91,186,93,186,93,188,93,189,95,189,95,190,95,191,97,191,97,194,97,195,99,195,99,196,100,197,101,197,101,201,102,201,103,201,103,203,104,203,105,203,105,205,106,205,107,205,107,211,106,211,105,212,105,213,104,213,103,214,103,215,102,215,101,216,101,217,100,217,99,218,99,219,97,219,97,220,97,222,89,222,89,220,89,219,87,219,87,218,86,217,85,217,85,214,84,213,83,213,83,212,82,211,81,211,81,207,80,207,79,207,79,205,78,205,77,205,77,201,76,201,75,201,75,197,74,196,72,196,72,195,72,194,70,194,70,191,70,190,68,190,68,186,68,186,66,186,66,184,66,184,64,184,64,178,64,177,62,177,62,172,61,171,60,171,60,163,59,163,58,163
122,94,124,94,125,93,125,86,126,86,127,85,127,84,128,84,129,83,129,81,143,81,143,83,143,84,157,84,157,85,158,86,166,86,166,87,166,88,172,88,172,89,172,90,176,90,176,91,177,92,180,92,180,93,181,94,182,94,182,96,183,96,184,96,184,98,185,98,186,98,186,100,187,100,189,100,189,104,189,105,191,105,191,106,191,107,193,107,193,110,193,111,195,111,195,114,195,115,197,115,197,119,197,119,199,119,199,121,200,121,201,121,201,125,202,126,203,126,203,133,200,133,199,134,199,135,197,135,197,136,197,138,189,138,189,138,189,140,187,140,187,138,186,138,185,138,185,136,184,135,183,135,183,134,182,133,181,133,181,130,180,129,179,129,179,126,178,125,177,125,177,123,176,123,175,123,175,121,174,121,172,121,172,119,172,119,170,119,170,117,170,117,168,117,168,115,168,114,166,114,166,113,166,112,164,112,164,111,164,110,160,110,160,109,159,108,154,108,154,107,153,106,145,106,145,105,145,104,137,104,137,102,136,102,125,102,125,100,124,100,122,100
125,222,126,222,127,222,127,214,130,214,131,213,131,212,145,212,145,211,145,210,153,210,154,209,154,207,157,207,158,207,158,205,161,205,162,205,162,203,166,203,166,203,166,201,168,201,168,201,168,199,170,199,170,198,170,197,172,197,172,196,172,193,174,193,175,192,175,189,176,189,177,188,177,186,178,186,179,186,179,182,180,182,181,182,181,178,182,178,183,177,183,174,184,174,185,173,185,170,186,170,187,169,187,161,189,161,189,161,189,149,209,149,209,165,208,165,207,165,207,173,206,173,205,174,205,180,204,180,203,180,203,186,202,186,201,186,201,190,200,190,199,191,199,194,197,194,197,195,197,201,195,201,195,201,195,207,193,207,193,207,193,211,191,211,191,212,191,213,189,213,189,214,189,217,187,217,186,218,186,219,185,219,184,220,184,222,181,222,180,222,180,224,177,224,176,224,176,226,166,226,166,226,166,228,156,228,155,228,155,230,147,230,147,231,147,232,137,232,136,233,136,234,129,234,129,233,128,232,125,232
220,77,222,77,222,77,222,56,241,56,241,89,239,89,239,90,239,152,237,152,236,153,236,154,229,154,229,153,228,152,227,152,226,153,226,154,225,154,225,153,224,152,222,152,222,111,222,110,220,110
222,161,228,161,229,161,229,159,232,159,232,161,233,161,234,161,235,161,235,159,239,159,239,161,239,161,241,161,241,255,239,255,239,256,239,257,222,257,222,254,224,254,225,253,225,249,224,249,222,249,222,184,224,184,225,184,225,163,224,163,222,163
241,79,243,79,243,79,243,75,259,75,259,81,258,81,257,81,257,135,258,136,259,136,259,140,258,140,257,140,257,142,258,142,259,142,259,152,258,152,257,153,257,154,245,154,245,155,245,156,243,156,243,155,243,154,241,154
241,161,247,161,247,161,247,159,251,159,251,161,252,161,255,161,256,161,256,159,257,159,257,161,258,161,259,161,259,167,258,167,257,168,257,171,258,172,259,172,259,182,258,182,257,182,257,184,258,184,259,184,259,219,260,220,261,220,261,222,260,222,259,222,259,240,243,240,243,189,243,188,241,188,241,170,243,170,243,169,243,163,243,163,241,163
260,94,261,94,262,93,262,92,264,92,264,91,264,90,268,90,268,91,268,92,278,92,278,93,279,94,280,94,280,135,279,135,278,136,278,215,279,216,280,216,280,222,279,222,278,222,278,224,262,224,262,220,261,219,260,219,260,218,261,218,262,217,262,216,261,215,260,215,260,212,261,212,262,211,262,176,261,175,260,175
287,157,289,157,289,156,289,151,309,151,309,211,310,212,311,212,311,238,310,238,309,239,309,261,308,261,307,262,307,264,300,264,300,262,299,261,289,261,289,218,289,217,287,217
287,54,289,54,289,54,289,52,305,52,305,54,306,54,309,54,309,144,308,144,307,144,307,146,304,146,304,144,303,144,289,144,289,58,289,58,287,58
314,81,316,81,316,81,316,52,328,52,328,89,327,89,326,90,326,91,314,91
314,132,316,132,316,131,316,98,320,98,320,98,320,96,326,96,326,98,327,98,328,98,328,152,322,152,322,151,322,150,314,150,314,138,316,138,316,138,316,134,316,133,314,133
314,157,316,157,316,156,316,155,322,155,322,156,322,157,328,157,328,173,329,174,330,174,330,224,329,224,328,224,328,226,316,226,316,161,316,161,314,161
316,233,318,233,318,232,318,231,330,231,330,259,329,259,328,260,328,261,322,261,322,262,322,264,316,264
