42,170,49,170,50,170,50,168,60,168,60,170,60,170,62,170,62,182,54,182,54,183,54,184,46,184,46,183,45,182,42,182
42,152,43,152,44,151,44,143,45,143,46,143,46,135,47,135,48,135,48,123,49,123,50,122,50,115,51,115,52,114,52,106,54,106,54,106,54,102,56,102,56,102,56,100,58,100,58,100,58,96,60,96,60,96,60,92,62,92,63,92,63,88,64,88,65,87,65,86,66,86,67,85,67,82,68,82,69,81,69,78,70,78,71,77,71,74,72,74,73,73,73,69,75,69,75,69,75,63,83,63,83,65,84,65,89,65,89,67,90,67,91,67,91,77,90,77,89,78,89,83,88,83,87,84,87,89,86,89,85,90,85,94,84,94,83,94,83,96,81,96,81,96,81,100,79,100,79,100,79,104,77,104,77,104,77,106,75,106,75,106,75,110,73,110,72,111,72,116,71,116,70,117,70,124,69,124,68,125,68,133,67,133,66,133,66,141,65,141,64,141,64,149,63,149,62,150,62,157,50,157,50,156,49,155,42,155
46,197,56,197,56,196,56,195,64,195,64,203,65,203,66,203,66,213,67,213,68,213,68,223,69,224,70,224,70,227,71,228,72,228,72,231,73,232,75,232,75,235,75,236,77,236,77,242,75,242,75,242,75,244,67,244,66,244,66,246,63,246,62,246,62,248,58,248,58,242,58,242,56,242,56,238,56,238,54,238,54,232,54,231,52,231,52,226,51,225,50,225,50,215,49,215,48,215,48,205,47,205,46,205
86,240,87,240,88,240,88,222,89,222,90,221,90,205,89,205,88,205,88,199,89,199,90,198,90,180,91,180,92,180,92,168,93,168,94,168,94,150,96,150,96,149,96,131,98,131,98,131,98,115,100,115,100,114,100,86,123,86,123,85,123,84,127,84,128,83,128,82,165,82,165,83,165,84,173,84,173,85,174,86,175,86,176,85,176,84,177,84,177,85,178,86,182,86,182,87,182,88,196,88,196,116,195,116,194,117,194,120,193,120,192,121,192,139,193,139,194,139,194,143,193,143,192,143,192,145,186,145,186,143,186,143,180,143,180,143,180,145,178,145,178,143,177,143,174,143,173,143,173,145,170,145,169,146,169,147,165,147,165,148,165,149,161,149,161,150,161,155,159,155,159,156,159,176,159,176,163,176,163,178,163,178,171,178,171,180,172,180,186,180,186,182,186,183,188,183,188,198,186,198,186,199,186,203,186,203,188,203,188,209,186,209,186,209,186,215,159,215,159,215,159,217,157,217,156,217,156,219,157,220,159,220,159,221,159,222,163,222,163,223,163,224,167,224,167,225,168,226,173,226,173,227,174,228,182,228,182,229,182,230,184,230,184,254,182,254,182,255,182,256,178,256,177,257,177,258,176,258,175,259,175,260,174,260,173,261,173,262,172,262,171,263,171,264,130,264,130,263,129,262,111,262,111,261,110,260,96,260,96,259,96,258,86,258
102,80,104,80,105,79,105,74,112,74,112,77,113,78,114,78,114,85,102,85
161,304,163,304,163,305,163,306,171,306,172,305,172,304,173,304,173,305,174,306,175,306,175,316,176,316,177,316,177,330,178,331,180,331,180,338,180,339,182,339,182,349,182,349,184,349,184,355,182,355,182,355,182,357,170,357,170,349,169,349,168,349,168,339,167,338,165,338,165,329,165,328,163,328,163,314,163,314,161,314
163,49,165,49,165,48,165,34,167,34,168,34,168,20,169,20,170,20,170,8,171,8,172,7,172,6,186,6,186,20,184,20,184,20,184,32,182,32,182,32,182,42,180,42,180,43,180,52,163,52
178,392,190,392,190,394,191,394,192,394,192,406,193,407,194,407,194,419,182,419,182,409,182,408,180,408,180,396,180,396,178,396
182,318,196,318,196,334,197,335,198,335,198,344,199,345,201,345,201,355,201,355,203,355,203,369,199,369,199,368,198,367,197,367,196,368,196,369,191,369,191,368,190,367,189,367,189,353,188,353,186,353,186,343,186,342,184,342,184,333,184,332,182,332
191,454,203,454,203,462,203,462,205,462,205,472,205,472,207,472,207,482,199,482,198,483,198,484,197,484,197,483,196,482,195,482,195,475,194,474,193,474,193,462,192,462,191,462
195,392,205,392,205,392,205,390,207,390,207,392,207,392,209,392,209,404,210,405,211,405,211,414,212,415,213,415,213,429,214,429,215,429,215,437,203,437,203,435,203,435,201,435,201,423,201,423,199,423,199,409,198,408,197,408,197,396,196,396,195,396
197,485,209,485,209,490,210,491,211,491,211,503,212,503,213,503,213,509,201,509,201,505,201,505,199,505,199,493,198,493,197,493
210,464,222,464,222,476,222,477,224,477,224,486,224,487,226,487,226,497,226,497,228,497,228,501,216,501,216,499,215,499,214,499,214,485,213,484,212,484,212,472,211,472,210,472
