0,912,9,912,12,909,12,840,21,840,24,837,24,756,33,756,36,753,36,696,45,696,48,693,48,648,57,648,61,645,61,600,70,600,73,597,73,564,82,564,85,561,85,516,94,516,97,513,97,504,106,504,106,513,109,516,167,516,167,525,170,528,192,528,192,537,195,540,216,540,216,621,207,621,204,624,204,669,195,669,192,672,192,729,183,729,179,732,179,789,170,789,167,792,167,861,158,861,155,864,155,933,146,933,143,936,143,1053,134,1053,131,1056,131,1413,134,1416,143,1416,143,1473,134,1473,131,1476,131,1485,12,1485,12,1464,9,1461,0,1461
12,1560,21,1560,24,1557,24,1548,70,1548,73,1545,73,1536,155,1536,155,1641,158,1644,167,1644,167,1749,170,1752,179,1752,179,1821,183,1824,192,1824,192,1869,195,1872,204,1872,204,1929,207,1932,216,1932,216,1977,219,1980,228,1980,228,2025,231,2028,240,2028,240,2049,244,2052,253,2052,253,2097,256,2100,265,2100,265,2145,268,2148,277,2148,277,2193,280,2196,289,2196,289,2217,292,2220,301,2220,301,2253,305,2256,314,2256,314,2289,317,2292,326,2292,326,2325,329,2328,338,2328,338,2349,341,2352,350,2352,350,2373,353,2376,362,2376,362,2409,366,2412,375,2412,375,2433,378,2436,387,2436,387,2469,390,2472,399,2472,399,2493,402,2496,411,2496,411,2517,414,2520,423,2520,423,2541,427,2544,436,2544,436,2565,439,2568,448,2568,448,2577,451,2580,460,2580,460,2601,463,2604,472,2604,472,2637,463,2637,460,2640,460,2649,451,2649,448,2652,448,2661,439,2661,436,2664,436,2673,414,2673,411,2676,411,2685,366,2685,362,2688,362,2697,353,2697,353,2688,350,2685,341,2685,341,2664,338,2661,329,2661,329,2640,326,2637,317,2637,317,2616,314,2613,305,2613,305,2592,301,2589,292,2589,292,2568,289,2565,280,2565,280,2544,277,2541,268,2541,268,2520,265,2517,256,2517,256,2496,253,2493,244,2493,244,2460,240,2457,231,2457,231,2424,228,2421,219,2421,219,2388,216,2385,207,2385,207,2364,204,2361,195,2361,195,2328,192,2325,183,2325,183,2304,179,2301,170,2301,170,2256,167,2253,158,2253,158,2220,155,2217,146,2217,146,2172,143,2169,134,2169,134,2136,131,2133,122,2133,122,2124,118,2121,109,2121,109,2100,106,2097,97,2097,97,2040,94,2037,85,2037,85,1968,82,1965,73,1965,73,1944,70,1941,61,1941,61,1896,57,1893,48,1893,48,1836,45,1833,36,1833,36,1764,33,1761,24,1761,24,1644,21,1641,12,1641
109,420,118,420,122,417,122,360,131,360,134,357,134,312,143,312,146,309,146,264,155,264,158,261,158,240,167,240,170,237,170,204,179,204,183,201,183,180,192,180,195,177,195,156,204,156,207,153,207,120,216,120,219,117,219,96,228,96,228,105,231,108,253,108,253,117,256,120,277,120,277,129,280,132,289,132,289,141,292,144,326,144,326,153,329,156,350,156,350,165,353,168,362,168,362,189,353,189,350,192,350,225,341,225,338,228,338,249,329,249,326,252,326,285,317,285,314,288,314,309,305,309,301,312,301,345,292,345,289,348,289,369,280,369,277,372,277,405,268,405,265,408,265,453,256,453,253,456,253,489,244,489,240,492,240,525,231,525,228,528,228,537,195,537,195,516,192,513,158,513,158,504,155,501,122,501,122,480,118,477,109,477
610,996,619,996,622,993,622,972,777,972,777,1185,780,1188,789,1188,789,1245,780,1245,777,1248,777,1329,780,1332,789,1332,789,1473,793,1476,802,1476,802,1665,793,1665,789,1668,789,1677,732,1677,732,1668,728,1665,707,1665,704,1668,704,1677,646,1677,646,1440,643,1437,634,1437,634,1272,631,1269,622,1269,622,1128,619,1125,610,1125,610,1044,619,1044,622,1041,622,1008,619,1005,610,1005
780,1176,789,1176,793,1173,793,1152,850,1152,850,1161,854,1164,863,1164,863,1173,854,1173,850,1176,850,1185,854,1188,863,1188,863,1437,866,1440,875,1440,875,1485,841,1485,838,1488,838,1497,817,1497,817,1488,814,1485,805,1485,805,1476,802,1473,793,1473,793,1392,802,1392,805,1389,805,1380,802,1377,793,1377,793,1332,789,1329,780,1329,780,1248,802,1248,805,1245,805,1188,802,1185,780,1185
1000,2856,1046,2856,1046,2901,1049,2904,1058,2904,1058,3081,1049,3081,1046,3084,1046,3093,1000,3093
1037,2736,1046,2736,1049,2733,1049,2676,1094,2676,1094,2805,1085,2805,1082,2808,1082,2829,1085,2832,1094,2832,1094,2901,1098,2904,1107,2904,1107,2913,1085,2913,1082,2916,1082,2997,1085,3000,1094,3000,1094,3105,1049,3105,1049,3084,1058,3084,1061,3081,1061,2904,1058,2901,1049,2901,1049,2748,1046,2745,1037,2745
1085,2808,1094,2808,1098,2805,1098,2676,1131,2676,1131,2757,1134,2760,1143,2760,1143,2913,1110,2913,1110,2904,1107,2901,1098,2901,1098,2832,1094,2829,1085,2829
1220,2352,1229,2352,1232,2349,1232,2340,1253,2340,1253,2349,1256,2352,1265,2352,1268,2349,1268,2340,1314,2340,1314,2445,1317,2448,1326,2448,1326,2469,1317,2469,1314,2472,1314,2529,1317,2532,1326,2532,1326,2541,1317,2541,1314,2544,1314,2565,1293,2565,1293,2556,1290,2553,1220,2553
1268,2700,1277,2700,1281,2697,1281,2664,1351,2664,1351,2673,1354,2676,1424,2676,1424,2685,1427,2688,1436,2688,1436,2709,1427,2709,1424,2712,1424,3261,1268,3261
1354,2352,1363,2352,1366,2349,1366,2340,1387,2340,1387,2421,1390,2424,1399,2424,1399,2469,1390,2469,1387,2472,1387,2517,1390,2520,1399,2520,1399,2529,1390,2529,1387,2532,1387,2553,1390,2556,1399,2556,1399,2565,1354,2565,1354,2532,1363,2532,1366,2529,1366,2508,1375,2508,1378,2505,1378,2496,1375,2493,1366,2493,1366,2364,1363,2361,1354,2361
1488,2964,1497,2964,1500,2961,1500,2808,1509,2808,1512,2805,1512,2736,1570,2736,1570,2745,1573,2748,1631,2748,1631,3021,1622,3021,1619,3024,1619,3261,1488,3261
