54,103,62,103,62,104,63,105,64,105,64,109,63,109,62,109,62,113,63,113,64,113,64,124,65,124,66,124,66,130,67,131,69,131,69,145,69,146,71,146,71,147,69,147,69,148,69,149,58,149,58,135,58,134,56,134,56,124,56,124,54,124
58,154,71,154,71,158,71,158,73,158,73,162,73,163,75,163,75,164,73,164,73,165,73,169,71,169,71,169,71,171,69,171,69,171,69,175,63,175,63,174,62,173,60,173,60,163,60,162,58,162
65,176,75,176,75,177,76,178,77,178,77,194,69,194,69,193,69,192,67,192,67,186,66,186,65,186
65,88,66,88,67,87,67,85,69,85,69,85,69,83,75,83,75,93,76,94,77,94,77,111,78,111,79,111,79,119,80,120,82,120,82,130,71,130,71,122,71,121,69,121,69,111,69,111,67,111,67,90,66,89,65,89
71,135,82,135,82,136,82,137,84,137,84,164,84,165,86,165,86,177,78,177,78,167,77,167,76,167,76,152,75,151,73,151,73,139,73,139,71,139
80,180,88,180,88,203,89,204,90,204,90,216,87,216,86,216,86,218,84,218,84,216,84,216,82,216,82,208,82,207,80,207
87,264,88,264,89,263,89,262,101,262,101,274,102,274,103,274,103,291,104,292,106,292,106,308,106,309,108,309,108,313,91,313,91,311,90,310,89,310,89,287,88,287,87,287
91,315,103,315,104,315,104,313,108,313,108,317,108,317,110,317,110,334,110,335,112,335,112,347,113,348,114,348,114,356,97,356,97,354,97,353,95,353,95,341,95,341,93,341,93,320,92,319,91,319
104,73,112,73,112,74,113,75,123,75,123,85,123,85,125,85,125,87,123,87,123,88,123,89,123,90,125,90,125,119,119,119,119,120,119,121,110,121,110,122,110,124,106,124,106,118,106,117,104,117
110,133,112,133,113,132,113,131,121,131,121,132,121,133,127,133,127,136,128,137,129,137,129,151,130,152,132,152,132,177,132,178,134,178,134,194,134,195,136,195,136,227,134,227,134,227,134,229,130,229,130,227,129,227,119,227,119,221,119,220,117,220,117,206,116,205,115,205,115,184,114,184,113,184,113,158,112,158,110,158
128,70,129,70,130,70,130,68,149,68,149,70,150,70,151,70,151,78,152,79,153,79,153,106,154,107,156,107,156,130,156,131,158,131,158,145,145,145,145,146,145,147,137,147,137,143,136,143,134,143,134,124,134,124,132,124,132,109,132,109,130,109,130,81,129,81,128,81
132,298,134,298,134,298,134,292,136,292,137,291,137,290,138,290,139,289,139,287,140,287,141,287,141,285,143,285,143,285,143,283,147,283,147,283,147,281,149,281,150,280,150,279,151,279,152,278,152,277,156,277,156,278,156,279,158,279,158,283,158,283,160,283,160,287,160,287,162,287,162,289,160,289,160,290,160,293,156,293,156,294,156,295,154,295,153,296,153,298,152,298,151,298,151,300,150,300,149,300,149,302,147,302,147,302,147,308,145,308,145,309,145,325,143,325,143,324,143,323,132,323
132,328,134,328,134,328,134,326,145,326,145,328,145,328,147,328,147,334,147,335,149,335,149,338,150,339,151,339,151,343,152,343,153,343,153,347,154,348,156,348,156,351,156,352,158,352,158,353,158,354,160,354,160,356,160,356,162,356,162,358,163,358,169,358,169,360,169,360,171,360,171,364,167,364,166,365,166,368,163,368,162,369,162,371,158,371,158,369,158,368,156,368,156,367,156,366,154,366,154,365,153,364,152,364,152,363,151,362,150,362,150,360,149,360,147,360,147,358,147,358,145,358,145,356,145,356,143,356,143,352,143,351,141,351,141,348,140,347,139,347,139,343,138,343,137,343,137,337,136,336,134,336,134,332,134,332,132,332
141,184,158,184,158,184,158,182,164,182,164,184,165,184,169,184,169,188,169,189,171,189,171,203,171,204,173,204,173,218,171,218,171,219,171,225,154,225,153,225,153,227,145,227,145,225,145,225,143,225,143,195,143,194,141,194
154,66,182,66,182,85,182,85,184,85,184,119,182,119,182,120,182,121,163,121,163,120,162,119,160,119,160,113,160,113,158,113,158,94,158,93,156,93,156,79,156,78,154,78
165,298,166,298,167,298,167,290,169,290,169,289,169,281,171,281,171,280,171,279,193,279,193,298,193,298,195,298,195,304,195,305,197,305,197,313,197,313,199,313,199,332,200,332,201,332,201,371,200,371,199,371,199,383,193,383,193,384,193,386,189,386,189,384,188,383,176,383,176,382,175,381,174,381,174,380,173,379,171,379,171,367,171,366,169,366,169,365,171,365,171,364,171,360,171,360,169,360,169,358,169,358,167,358,167,326,166,325,165,325
169,184,171,184,171,184,171,182,173,182,174,182,174,180,184,180,184,182,184,182,186,182,186,225,184,225,184,225,184,227,180,227,179,227,179,229,176,229,176,227,175,227,174,227,174,223,173,222,171,222,171,219,173,219,174,218,174,204,173,203,171,203,171,189,171,188,169,188
197,292,199,292,200,291,200,290,201,290,202,289,202,287,206,287,206,289,206,290,208,290,208,291,208,292,210,292,210,293,210,294,212,294,212,295,213,296,214,296,214,298,215,298,216,298,216,300,217,300,219,300,219,306,217,306,216,307,216,308,215,308,214,309,214,310,206,310,206,309,206,308,204,308,204,305,203,304,202,304,202,302,201,302,200,302,200,300,199,300,197,300
202,373,206,373,206,373,206,371,208,371,208,371,208,369,212,369,213,368,213,367,214,367,215,366,215,363,216,363,217,362,217,360,219,360,219,360,219,354,221,354,221,353,221,343,236,343,236,356,234,356,234,356,234,366,232,366,232,367,232,371,230,371,230,371,230,375,226,375,225,375,225,377,224,377,223,378,223,379,219,379,219,380,219,381,217,381,216,382,216,383,206,383,206,380,206,379,202,379
208,163,210,163,210,162,210,161,212,161,213,160,213,156,214,156,215,156,215,152,216,152,216,156,217,156,219,156,219,164,217,164,216,165,216,171,217,171,219,171,219,190,219,191,221,191,221,216,219,216,219,216,219,220,210,220,210,212,210,212,208,212
206,128,208,128,208,128,208,105,216,105,217,104,217,103,227,103,227,104,228,105,234,105,234,106,234,107,236,107,236,139,208,139,208,135,208,134,206,134
213,313,216,313,217,313,217,311,221,311,221,310,221,309,225,309,225,310,226,311,227,311,227,315,228,315,230,315,230,319,230,320,232,320,232,325,232,326,234,326,234,334,234,335,236,335,236,338,224,338,223,339,223,341,221,341,221,335,221,334,219,334,219,328,219,328,217,328,217,324,216,323,215,323,215,320,214,319,213,319
215,146,238,146,238,147,239,148,240,148,240,182,241,182,243,182,243,199,243,199,245,199,245,231,221,231,221,225,221,225,219,225,219,216,221,216,221,216,221,191,221,190,219,190,219,171,219,171,217,171,217,165,219,165,219,164,219,156,219,156,217,156,217,152,216,151,215,151
256,410,258,410,258,409,258,320,260,320,261,319,261,300,262,300,263,300,263,298,264,298,265,298,265,296,266,296,267,295,267,294,273,294,273,310,274,311,275,311,275,313,276,313,277,313,277,315,278,315,280,315,280,396,278,396,277,397,277,416,263,416,263,414,262,414,256,414
261,135,262,135,263,134,263,131,273,131,274,130,274,128,277,128,277,130,278,131,280,131,280,197,280,197,282,197,282,222,280,222,280,223,280,225,269,225,269,223,269,222,263,222,263,216,262,216,261,216
284,378,286,378,287,377,287,354,290,354,291,353,291,352,299,352,299,383,297,383,297,384,297,386,284,386
284,393,288,393,288,394,289,395,297,395,297,411,295,411,295,412,295,414,289,414,289,412,288,411,287,411,286,412,286,414,284,414
287,315,297,315,297,317,297,317,301,317,301,336,300,336,299,337,299,351,289,351,288,352,288,353,287,353
287,206,288,206,289,205,289,186,290,186,291,186,291,182,293,182,293,182,293,180,299,180,300,179,300,178,306,178,306,203,304,203,303,204,303,212,287,212
287,300,301,300,301,317,297,317,297,315,297,315,289,315,289,313,288,313,287,313,287,311,288,311,289,310,289,309,288,308,287,308
