187,659,193,659,195,657,195,614,200,614,202,612,202,570,208,570,210,568,210,548,223,548,225,546,225,540,238,540,238,568,232,568,230,570,230,590,225,590,223,592,223,612,217,612,215,614,215,664,210,664,208,666,208,687,187,687
187,1451,193,1451,195,1450,195,1414,200,1414,202,1412,202,1340,208,1340,210,1338,210,1259,215,1259,217,1257,217,1207,223,1207,225,1205,225,1148,230,1148,232,1146,232,1096,298,1096,298,1138,292,1138,290,1140,290,1220,285,1220,283,1222,283,1301,277,1301,275,1303,275,1338,270,1338,268,1340,268,1420,262,1420,260,1422,260,1435,262,1437,268,1437,268,1450,262,1450,260,1451,260,1464,255,1464,253,1466,253,1472,195,1472,195,1466,193,1464,187,1464
262,1422,268,1422,270,1420,270,1340,275,1340,277,1338,277,1325,343,1325,343,1331,345,1333,350,1333,350,1338,345,1338,343,1340,343,1442,337,1442,335,1444,335,1450,270,1450,270,1437,268,1435,262,1435
285,1222,290,1222,292,1220,292,1140,298,1140,300,1138,300,1096,373,1096,373,1138,367,1138,365,1140,365,1198,360,1198,358,1200,358,1250,352,1250,350,1251,350,1257,352,1259,358,1259,358,1264,352,1264,350,1266,350,1301,285,1301
285,622,290,622,292,620,292,585,298,585,300,583,300,562,305,562,307,561,307,533,313,533,315,531,315,518,320,518,322,516,322,511,335,511,335,516,337,518,365,518,365,524,367,525,395,525,395,538,390,538,388,540,388,568,382,568,380,570,380,598,375,598,373,600,373,642,367,642,365,644,365,687,367,688,373,688,373,783,360,783,358,785,358,790,337,790,335,792,335,798,292,798,292,762,290,761,285,761
315,874,335,874,337,872,337,866,350,866,352,864,352,859,358,859,360,857,360,851,373,851,375,850,375,844,388,844,390,842,390,837,410,837,410,850,412,851,418,851,418,857,420,859,425,859,425,864,427,866,433,866,433,879,435,881,440,881,440,887,442,888,448,888,448,894,450,896,455,896,455,901,457,903,463,903,463,909,465,911,470,911,470,916,472,918,478,918,478,924,480,925,485,925,485,938,487,940,493,940,493,946,495,948,500,948,500,953,502,955,508,955,508,961,510,962,515,962,515,975,517,977,523,977,523,983,525,985,530,985,530,990,532,992,538,992,538,998,540,1000,545,1000,545,1005,547,1007,560,1007,560,1012,562,1014,575,1014,575,1020,577,1022,605,1022,605,1027,607,1029,628,1029,628,1035,630,1037,643,1037,643,1042,645,1044,673,1044,673,1050,675,1051,695,1051,695,1057,697,1059,718,1059,718,1064,720,1066,740,1066,740,1072,742,1074,748,1074,748,1094,750,1096,755,1096,755,1116,750,1116,748,1118,748,1146,742,1146,740,1148,740,1161,735,1161,733,1162,733,1175,727,1175,725,1177,725,1183,682,1183,682,1177,680,1175,667,1175,667,1170,665,1168,652,1168,652,1162,650,1161,630,1161,630,1155,628,1153,600,1153,600,1148,598,1146,585,1146,585,1140,583,1138,555,1138,555,1133,553,1131,525,1131,525,1125,523,1124,502,1124,502,1118,500,1116,487,1116,487,1111,485,1109,472,1109,472,1103,470,1101,465,1101,465,1096,463,1094,457,1094,457,1088,455,1087,450,1087,450,1081,448,1079,442,1079,442,1074,440,1072,435,1072,435,1066,433,1064,427,1064,427,1051,425,1050,420,1050,420,1044,418,1042,412,1042,412,1029,410,1027,405,1027,405,1014,403,1012,397,1012,397,1007,395,1005,390,1005,390,1000,388,998,382,998,382,985,380,983,375,983,375,977,373,975,367,975,367,970,365,968,360,968,360,955,358,953,352,953,352,948,350,946,345,946,345,933,343,931,337,931,337,925,335,924,330,924,330,911,328,909,322,909,322,903,320,901,315,901
345,1429,350,1429,352,1427,352,1325,358,1325,360,1324,360,1318,433,1318,433,1398,427,1398,425,1400,425,1450,345,1450
360,1237,365,1237,367,1235,367,1140,373,1140,375,1138,375,1096,448,1096,448,1183,442,1183,440,1185,440,1257,435,1257,433,1259,433,1309,427,1309,427,1303,425,1301,367,1301,367,1296,365,1294,360,1294,360,1274,365,1274,367,1272,367,1266,365,1264,360,1264
360,429,365,429,367,427,367,422,373,422,375,420,375,407,380,407,382,405,382,400,388,400,390,398,390,392,395,392,397,390,397,385,403,385,405,383,405,377,410,377,412,375,412,362,418,362,420,361,420,355,425,355,427,353,427,348,433,348,435,346,435,340,440,340,442,338,442,325,448,325,450,324,450,318,455,318,457,316,457,311,463,311,465,309,465,303,470,303,472,301,472,296,478,296,480,294,480,288,485,288,487,287,487,281,500,281,502,279,502,274,523,274,525,272,525,266,530,266,532,264,532,259,545,259,547,257,547,251,568,251,570,250,570,244,583,244,585,242,585,237,590,237,590,242,592,244,598,244,600,242,600,237,613,237,615,235,615,229,620,229,622,227,622,222,628,222,630,220,630,200,635,200,635,205,637,207,650,207,652,205,652,200,658,200,660,198,660,192,688,192,690,190,690,185,703,185,705,183,705,177,725,177,725,183,727,185,733,185,733,205,735,207,740,207,740,242,735,242,733,244,733,250,727,250,725,251,725,257,712,257,710,259,710,264,697,264,695,266,695,272,675,272,673,274,673,279,660,279,658,281,658,287,645,287,643,288,643,294,630,294,628,296,628,301,615,301,613,303,613,309,607,309,605,311,605,316,600,316,598,318,598,324,592,324,590,325,590,331,585,331,583,333,583,338,577,338,575,340,575,346,570,346,568,348,568,353,555,353,553,355,553,361,540,361,538,362,538,368,525,368,523,370,523,375,510,375,508,377,508,383,495,383,493,385,493,390,487,390,485,392,485,405,480,405,478,407,478,412,472,412,470,414,470,420,465,420,463,422,463,427,457,427,455,429,455,442,450,442,448,444,448,450,442,450,440,451,440,464,435,464,433,466,433,472,427,472,427,466,425,464,412,464,412,459,410,457,397,457,397,451,395,450,375,450,375,444,373,442,367,442,367,437,365,435,360,435
562,148,568,148,570,146,570,133,598,133,598,183,592,183,590,185,590,190,592,192,598,192,598,212,562,212
765,318,770,318,772,316,772,288,785,288,785,294,787,296,830,296,830,301,832,303,838,303,840,301,840,296,845,296,845,450,847,451,853,451,853,457,847,457,845,459,845,472,840,472,838,474,838,887,840,888,845,888,845,961,840,961,838,962,838,968,832,968,830,970,830,975,817,975,815,977,815,983,802,983,800,985,800,990,772,990,772,970,770,968,765,968
847,281,853,281,855,279,855,274,950,274,952,272,952,266,973,266,973,272,975,274,980,274,980,279,982,281,988,281,988,361,990,362,995,362,995,368,990,368,988,370,988,457,990,459,995,459,995,531,997,533,1003,533,1003,768,1005,770,1010,770,1010,850,1012,851,1018,851,1018,968,922,968,920,970,920,975,855,975,855,725,853,724,847,724,847,459,853,459,855,457,855,451,853,450,847,450
1027,696,1033,696,1035,694,1035,688,1085,688,1085,724,1087,725,1093,725,1093,753,1087,753,1085,755,1085,761,1027,761
1027,1029,1115,1029,1115,1079,1117,1081,1123,1081,1123,1175,1125,1177,1130,1177,1130,1250,1132,1251,1138,1251,1138,1294,1140,1296,1145,1296,1145,1346,1147,1348,1153,1348,1153,1420,1147,1420,1145,1422,1145,1427,1050,1427,1050,1414,1048,1412,1042,1412,1042,1407,1048,1407,1050,1405,1050,1370,1048,1368,1042,1368,1042,1244,1040,1242,1035,1242,1035,1192,1033,1190,1027,1190
1065,859,1070,859,1072,857,1072,851,1108,851,1108,909,1110,911,1115,911,1115,924,1110,924,1108,925,1108,931,1080,931,1080,925,1078,924,1072,924,1072,896,1070,894,1065,894
