266,390,272,390,274,388,274,345,279,345,281,343,281,315,287,315,288,313,288,277,309,277,309,283,311,285,338,285,338,335,333,335,331,337,331,365,325,365,324,367,324,425,318,425,316,427,316,478,266,478
266,510,294,510,294,515,296,517,316,517,316,658,318,660,324,660,324,703,325,705,331,705,331,748,333,750,338,750,338,793,340,795,346,795,346,830,340,830,338,832,338,838,303,838,303,832,301,830,296,830,296,795,294,793,288,793,288,765,287,763,281,763,281,720,279,718,274,718,274,607,272,605,266,605
348,457,353,457,355,455,355,330,361,330,362,328,362,292,368,292,370,290,370,262,375,262,377,260,377,232,383,232,385,230,385,225,405,225,405,230,407,232,420,232,420,245,422,247,427,247,427,253,429,255,435,255,435,260,437,262,442,262,442,298,444,300,450,300,450,343,444,343,442,345,442,380,444,382,450,382,450,538,451,540,457,540,457,695,451,695,450,697,450,710,444,710,442,712,442,725,429,725,429,712,427,710,377,710,377,705,375,703,370,703,370,690,368,688,362,688,362,622,361,620,355,620,355,487,353,485,348,485
451,210,457,210,459,208,459,165,464,165,466,163,466,157,553,157,553,163,555,165,561,165,561,170,555,170,553,172,553,208,555,210,561,210,561,403,555,403,553,405,553,425,555,427,561,427,561,575,555,575,553,577,553,650,555,652,561,652,561,665,562,667,568,667,568,680,562,680,561,682,561,778,555,778,553,780,553,875,555,877,561,877,561,935,555,935,553,937,553,943,548,943,546,945,546,950,540,950,538,952,538,958,525,958,524,960,524,965,481,965,481,952,479,950,474,950,474,907,472,905,466,905,466,862,464,860,459,860,459,765,457,763,451,763,451,697,457,697,459,695,459,540,457,538,451,538
703,90,709,90,711,88,711,82,775,82,775,193,740,193,740,187,738,185,718,185,718,157,716,155,711,155,711,135,709,133,703,133
718,202,768,202,768,245,770,247,775,247,775,320,770,320,768,322,768,328,718,328
822,615,827,615,829,613,829,517,872,517,872,523,874,525,887,525,888,523,888,517,909,517,909,523,911,525,916,525,916,763,911,763,909,765,909,838,911,840,916,840,916,898,911,898,909,900,909,1040,903,1040,901,1042,901,1048,896,1048,896,1042,894,1040,829,1040,829,1035,827,1033,822,1033
940,562,990,562,990,568,992,570,1042,570,1042,628,1037,628,1035,630,1035,770,1029,770,1027,772,1027,1018,940,1018
1088,900,1094,900,1096,898,1096,840,1101,840,1103,838,1103,795,1109,795,1111,793,1111,772,1109,770,1103,770,1103,750,1109,750,1111,748,1111,727,1146,727,1146,733,1148,735,1153,735,1153,763,1155,765,1161,765,1161,785,1155,785,1153,787,1153,800,1155,802,1161,802,1161,808,1155,808,1153,810,1153,815,1155,817,1161,817,1161,823,1162,825,1168,825,1168,830,1162,830,1161,832,1161,860,1155,860,1153,862,1153,973,1148,973,1146,975,1146,988,1140,988,1140,982,1138,980,1096,980,1096,967,1094,965,1088,965
1103,622,1109,622,1111,620,1111,540,1153,540,1153,545,1155,547,1161,547,1161,613,1162,615,1168,615,1168,620,1162,620,1161,622,1161,680,1155,680,1153,682,1153,695,1125,695,1125,690,1124,688,1103,688
1111,345,1175,345,1175,478,1170,478,1168,480,1168,485,1133,485,1131,487,1131,493,1118,493,1118,487,1116,485,1111,485
1148,697,1153,697,1155,695,1155,682,1161,682,1162,680,1162,622,1168,622,1170,620,1170,592,1190,592,1190,598,1192,600,1227,600,1227,748,1222,748,1220,750,1220,778,1214,778,1212,780,1212,785,1207,785,1205,787,1205,793,1200,793,1198,795,1198,808,1177,808,1175,810,1175,815,1170,815,1170,810,1168,808,1162,808,1162,802,1161,800,1155,800,1155,787,1161,787,1162,785,1162,765,1161,763,1155,763,1155,742,1161,742,1162,740,1162,705,1161,703,1148,703
1148,975,1153,975,1155,973,1155,862,1161,862,1162,860,1162,847,1168,847,1168,853,1170,855,1190,855,1192,853,1192,847,1220,847,1220,973,1214,973,1212,975,1212,1025,1192,1025,1190,1027,1190,1033,1155,1033,1155,1027,1153,1025,1148,1025
