246,580,250,580,252,579,252,557,256,557,258,555,258,551,262,551,262,555,264,557,298,557,300,555,300,551,310,551,310,798,312,800,316,800,316,875,318,877,322,877,322,881,318,881,316,882,316,887,258,887,258,882,256,881,252,881,252,794,250,792,246,792
258,491,262,491,264,490,264,462,268,462,270,460,270,397,274,397,276,395,276,367,280,367,282,365,282,343,286,343,288,342,288,325,292,325,294,324,294,302,298,302,300,300,300,278,304,278,306,277,306,272,322,272,322,277,324,278,346,278,346,282,348,284,358,284,358,306,354,306,352,308,352,336,348,336,346,337,346,365,342,365,340,367,340,389,336,389,334,391,334,448,330,448,328,450,328,496,324,496,322,497,322,520,318,520,316,521,316,537,270,537,270,533,268,531,258,531
258,906,286,906,288,905,288,900,310,900,312,899,312,894,316,894,316,899,318,900,322,900,322,946,324,948,328,948,328,982,330,983,334,983,334,1017,336,1019,340,1019,340,1053,342,1054,346,1054,346,1071,348,1072,352,1072,352,1094,330,1094,328,1096,328,1100,306,1100,304,1102,304,1106,288,1106,288,1096,286,1094,282,1094,282,1072,280,1071,276,1071,276,1037,274,1035,270,1035,270,995,268,994,264,994,264,936,262,934,258,934
390,693,436,693,436,697,438,699,442,699,442,768,444,770,448,770,448,792,444,792,442,794,442,810,438,810,436,811,436,816,396,816,396,805,394,804,390,804,390,800,394,800,396,798,396,764,394,762,390,762
396,432,400,432,402,431,402,426,436,426,436,431,438,432,442,432,442,478,432,478,430,480,430,484,414,484,414,480,412,478,396,478
390,497,436,497,436,650,414,650,412,651,412,656,396,656,396,580,394,579,390,579
444,509,454,509,456,508,456,503,466,503,466,508,468,509,490,509,490,632,492,634,496,634,496,650,492,650,490,651,490,668,492,669,496,669,496,680,492,680,490,681,490,691,486,691,486,687,484,685,474,685,472,687,472,691,468,691,468,687,466,685,456,685,454,687,454,691,450,691,450,687,448,685,444,685
444,705,466,705,466,709,468,711,484,711,484,715,486,717,490,717,490,780,450,780,450,770,448,768,444,768
576,242,640,242,640,247,642,248,646,248,646,312,588,312,588,308,586,306,582,306,582,302,580,300,576,300,576,296,580,296,582,294,582,284,580,282,576,282
570,349,574,349,576,348,576,320,646,320,646,608,642,608,640,610,640,620,606,620,606,616,604,614,582,614,582,610,580,608,576,608,576,539,574,537,570,537,570,438,574,438,576,437,576,432,574,431,570,431,570,397,574,397,576,395,576,379,574,377,570,377
666,248,670,248,672,247,672,242,682,242,682,247,684,248,694,248,694,265,696,266,712,266,712,294,708,294,706,296,706,312,702,312,700,314,700,318,678,318,678,314,676,312,672,312,672,284,670,282,666,282
660,385,664,385,666,383,666,343,670,343,672,342,672,337,694,337,694,342,696,343,700,343,702,342,702,337,706,337,706,342,708,343,712,343,712,354,714,355,718,355,718,419,720,420,724,420,724,437,726,438,736,438,736,442,732,442,730,444,730,460,726,460,724,462,724,490,720,490,718,491,718,508,720,509,724,509,724,537,720,537,718,539,718,620,666,620,666,616,664,614,660,614,660,432,664,432,666,431,666,420,664,419,660,419
732,444,736,444,738,442,738,426,802,426,802,431,804,432,808,432,808,448,804,448,802,450,802,537,804,539,808,539,808,567,804,567,802,568,802,573,774,573,772,574,772,579,738,579,738,574,736,573,732,573
