25,461,29,461,30,460,30,443,46,443,46,503,47,504,50,504,50,507,47,507,46,508,46,511,30,511,30,495,29,494,25,494
30,413,33,413,34,412,34,387,37,387,38,386,38,370,42,370,43,369,43,357,46,357,47,356,47,344,50,344,51,343,51,327,63,327,63,330,64,331,72,331,72,335,73,336,76,336,76,339,77,340,80,340,80,343,77,343,76,344,76,348,73,348,72,349,72,356,69,356,68,357,68,365,64,365,63,366,63,373,60,373,59,375,59,386,56,386,55,387,55,404,51,404,50,405,50,434,47,434,46,435,46,438,43,438,43,435,42,434,30,434
30,521,42,521,43,520,43,517,50,517,50,537,51,538,55,538,55,559,56,560,59,560,59,576,60,577,63,577,63,589,64,590,68,590,68,598,69,599,72,599,72,602,73,603,76,603,76,606,73,606,72,607,72,610,69,610,68,612,68,615,60,615,59,616,59,619,56,619,56,612,55,610,51,610,51,603,50,602,47,602,47,590,46,589,43,589,43,577,42,576,38,576,38,560,37,559,34,559,34,530,33,529,30,529
64,844,68,844,69,843,69,780,72,780,73,779,73,775,93,775,95,774,95,771,102,771,102,779,103,780,106,780,106,804,103,804,102,806,102,843,103,844,106,844,106,869,107,870,111,870,111,873,107,873,106,875,106,886,103,886,102,887,102,891,82,891,80,892,80,895,77,895,77,892,76,891,73,891,73,883,72,882,69,882,69,862,68,860,64,860
69,275,72,275,73,274,73,271,80,271,82,270,82,267,132,267,132,296,129,296,128,297,128,365,125,365,124,366,124,373,77,373,77,344,80,344,82,343,82,340,80,339,77,339,77,336,76,335,73,335,73,301,72,300,69,300
77,150,80,150,82,149,82,146,85,146,86,145,86,142,89,142,90,141,90,137,93,137,95,136,95,133,98,133,99,132,99,129,102,129,103,128,103,120,106,120,107,119,107,116,111,116,112,115,112,112,115,112,116,110,116,107,119,107,120,106,120,103,124,103,125,102,125,99,128,99,129,98,129,90,137,90,137,93,138,94,141,94,141,98,142,99,145,99,145,106,142,106,141,107,141,115,138,115,137,116,137,119,133,119,132,120,132,123,129,123,128,125,128,132,125,132,124,133,124,136,120,136,119,137,119,141,116,141,115,142,115,149,112,149,111,150,111,158,107,158,106,159,106,162,90,162,90,159,89,158,77,158
73,482,76,482,77,481,77,387,85,387,85,391,86,392,102,392,103,391,103,387,111,387,111,391,112,392,119,392,119,395,120,396,124,396,124,451,125,452,128,452,128,455,125,455,124,456,124,468,125,469,128,469,128,485,125,485,124,487,124,572,125,573,128,573,128,649,129,650,132,650,132,675,129,675,128,676,128,684,120,684,119,685,119,688,107,688,107,685,106,684,77,684,77,681,76,679,73,679,73,668,76,668,77,667,77,650,76,649,73,649,73,625,76,625,77,623,77,568,76,567,73,567,73,560,76,560,77,559,77,487,76,485,73,485
120,387,124,387,124,391,125,392,128,392,129,391,129,370,132,370,133,369,133,353,145,353,146,352,146,349,154,349,154,352,155,353,158,353,158,378,155,378,154,379,154,468,146,468,145,469,145,473,129,473,129,469,128,468,125,468,125,456,128,456,129,455,129,452,128,451,125,451,125,396,124,395,120,395
133,478,150,478,151,477,151,474,154,474,154,477,155,478,158,478,158,481,155,481,154,482,154,490,155,491,158,491,158,533,159,534,163,534,163,593,142,593,141,594,141,598,138,598,138,581,141,581,142,580,142,568,141,567,138,567,138,512,137,511,133,511
146,719,158,719,158,783,151,783,150,784,150,787,146,787
146,788,158,788,158,817,159,818,163,818,163,822,164,823,167,823,167,878,146,878
