918,2111,932,2111,937,2106,937,2092,1007,2092,1007,2106,1012,2111,1026,2111,1026,2125,1031,2129,1045,2129,1045,2273,1050,2277,1064,2277,1064,2347,1068,2351,1082,2351,1082,2439,1087,2444,1101,2444,1101,2476,1106,2481,1120,2481,1120,2495,1125,2500,1139,2500,1139,2532,1143,2537,1157,2537,1157,2550,1162,2555,1176,2555,1176,2587,1181,2592,1195,2592,1195,2606,1200,2611,1214,2611,1214,2625,1218,2629,1232,2629,1232,2643,1237,2648,1251,2648,1251,2662,1256,2666,1270,2666,1270,2699,1275,2703,1289,2703,1289,2717,1293,2722,1307,2722,1307,2736,1312,2740,1326,2740,1326,2754,1331,2759,1345,2759,1345,2773,1350,2777,1364,2777,1364,2791,1350,2791,1345,2796,1345,2810,1331,2810,1326,2814,1326,2828,1312,2828,1307,2833,1307,2847,1293,2847,1289,2851,1289,2865,1256,2865,1256,2833,1251,2828,1237,2828,1237,2814,1232,2810,1218,2810,1218,2796,1214,2791,1200,2791,1200,2777,1195,2773,1181,2773,1181,2759,1176,2754,1162,2754,1162,2740,1157,2736,1143,2736,1143,2722,1139,2717,1125,2717,1125,2685,1120,2680,1106,2680,1106,2666,1101,2662,1087,2662,1087,2629,1082,2625,1068,2625,1068,2611,1064,2606,1050,2606,1050,2574,1045,2569,1031,2569,1031,2555,1026,2550,1012,2550,1012,2537,1007,2532,993,2532,993,2500,989,2495,975,2495,975,2425,970,2421,956,2421,956,2333,951,2328,937,2328,937,2240,932,2236,918,2236
937,1907,951,1907,956,1902,956,1851,970,1851,975,1847,975,1814,989,1814,993,1810,993,1759,1007,1759,1012,1754,1012,1740,1026,1740,1026,1754,1031,1759,1064,1759,1064,1773,1068,1777,1120,1777,1120,1828,1106,1828,1101,1833,1101,1847,1087,1847,1082,1851,1082,1902,1068,1902,1064,1907,1064,1976,1050,1976,1045,1981,1045,2069,993,2069,993,2055,989,2050,937,2050
1087,1629,1101,1629,1106,1625,1106,1611,1120,1611,1125,1606,1125,1592,1139,1592,1143,1587,1143,1574,1157,1574,1162,1569,1162,1537,1176,1537,1181,1532,1181,1518,1195,1518,1200,1513,1200,1500,1214,1500,1218,1495,1218,1481,1232,1481,1237,1476,1237,1462,1251,1462,1256,1458,1256,1444,1289,1444,1289,1458,1293,1462,1307,1462,1307,1495,1312,1500,1326,1500,1326,1513,1331,1518,1345,1518,1345,1532,1331,1532,1326,1537,1326,1550,1312,1550,1307,1555,1307,1569,1293,1569,1289,1574,1289,1587,1275,1587,1270,1592,1270,1606,1256,1606,1251,1611,1251,1643,1237,1643,1232,1648,1232,1662,1218,1662,1214,1666,1214,1680,1200,1680,1195,1685,1195,1699,1181,1699,1176,1703,1176,1717,1143,1717,1143,1703,1139,1699,1106,1699,1106,1685,1101,1680,1087,1680
2025,1259,2114,1259,2114,1291,2100,1291,2095,1296,2095,1384,2100,1388,2114,1388,2114,1402,2025,1402
2006,1444,2020,1444,2025,1439,2025,1425,2095,1425,2095,1717,2025,1717,2025,1592,2020,1587,2006,1587,2006,1500,2020,1500,2025,1495,2025,1462,2020,1458,2006,1458
2025,1740,2095,1740,2095,1939,2043,1939,2043,1907,2039,1902,2025,1902
2006,2314,2020,2314,2025,2310,2025,2185,2076,2185,2081,2180,2081,2166,2095,2166,2095,2328,2006,2328
2006,2370,2095,2370,2095,2495,2025,2495,2025,2481,2020,2476,2006,2476,2006,2444,2020,2444,2025,2439,2025,2388,2020,2384,2006,2384
2006,2500,2095,2500,2095,2680,2006,2680
2006,2703,2095,2703,2095,2865,2025,2865,2025,2851,2020,2847,2006,2847
2118,1407,2132,1407,2132,1421,2137,1425,2189,1425,2189,1717,2118,1717
2118,1259,2189,1259,2189,1384,2193,1388,2207,1388,2207,1402,2193,1402,2189,1407,2189,1421,2137,1421,2137,1407,2132,1402,2118,1402
2118,1740,2189,1740,2189,1865,2137,1865,2137,1814,2132,1810,2118,1810
2118,2000,2132,2000,2137,1995,2137,1981,2170,1981,2170,1995,2175,2000,2189,2000,2189,2069,2193,2074,2207,2074,2207,2180,2137,2180,2137,2018,2132,2013,2118,2013
2118,2296,2132,2296,2137,2291,2137,2185,2207,2185,2207,2365,2193,2365,2189,2370,2189,2550,2193,2555,2207,2555,2207,3032,2137,3032,2137,3018,2132,3013,2118,3013,2118,2925,2132,2925,2137,2921,2137,2907,2132,2902,2118,2902,2118,2888,2132,2888,2137,2884,2137,2777,2132,2773,2118,2773,2118,2685,2132,2685,2137,2680,2137,2611,2132,2606,2118,2606,2118,2555,2132,2555,2137,2550,2137,2370,2132,2365,2118,2365,2118,2333,2132,2333,2137,2328,2137,2314,2132,2310,2118,2310
2250,1666,2282,1666,2282,1699,2287,1703,2301,1703,2301,1884,2250,1884
2250,1888,2301,1888,2301,2050,2250,2050
2231,2074,2301,2074,2301,2291,2287,2291,2282,2296,2282,2310,2250,2310,2250,2296,2245,2291,2231,2291,2231,2240,2245,2240,2250,2236,2250,2203,2245,2199,2231,2199
2250,2314,2282,2314,2287,2310,2287,2296,2301,2296,2301,2402,2268,2402,2264,2407,2264,2421,2250,2421
2231,2444,2245,2444,2250,2439,2250,2425,2301,2425,2301,2643,2250,2643,2250,2462,2245,2458,2231,2458
