130,366,132,366,133,365,133,349,135,349,136,348,136,326,138,326,139,325,139,318,141,318,142,317,142,309,144,309,145,308,145,306,147,306,147,306,147,303,150,303,150,303,150,301,152,301,153,300,153,298,155,298,156,297,156,295,158,295,159,294,159,292,161,292,162,291,162,289,164,289,165,289,165,284,167,284,168,283,168,281,170,281,171,280,171,278,173,278,174,277,174,275,176,275,176,274,176,272,179,272,179,272,179,269,184,269,185,269,185,267,187,267,188,266,188,264,193,264,194,263,194,261,196,261,197,260,197,258,199,258,200,257,200,255,208,255,208,263,208,264,210,264,210,269,211,269,213,269,213,274,211,274,210,275,210,277,205,277,205,278,205,280,203,280,202,281,202,283,200,283,199,284,199,286,197,286,196,286,196,289,194,289,193,289,193,291,191,291,190,292,190,294,188,294,187,295,187,297,185,297,184,298,184,300,182,300,181,301,181,303,179,303,179,303,179,306,176,306,176,306,176,308,174,308,173,309,173,311,171,311,170,312,170,314,168,314,167,315,167,317,165,317,164,318,164,323,162,323,161,323,161,328,159,328,158,329,158,337,156,337,155,338,155,345,153,345,152,346,152,357,150,357,150,357,150,377,147,377,147,377,147,379,130,379
133,386,144,386,145,385,145,383,150,383,150,394,150,394,152,394,152,405,153,406,155,406,155,411,156,411,158,411,158,416,159,417,161,417,161,422,162,423,164,423,164,425,165,426,167,426,167,431,168,431,170,431,170,436,171,437,173,437,173,442,168,442,167,443,167,445,165,445,164,446,164,448,156,448,156,446,155,445,153,445,153,440,152,439,150,439,150,437,150,436,147,436,147,434,147,433,145,433,145,428,144,428,142,428,142,423,141,422,139,422,139,411,138,411,136,411,136,397,135,397,133,397
171,451,173,451,174,450,174,448,176,448,176,448,176,446,181,446,181,448,182,448,184,448,184,450,185,451,190,451,190,453,191,454,193,454,193,456,194,457,196,457,196,459,197,460,199,460,199,462,200,463,205,463,205,465,205,465,210,465,210,468,211,468,216,468,216,470,217,471,222,471,222,482,220,482,219,482,219,485,217,485,216,485,216,487,211,487,211,485,210,485,205,485,205,482,205,482,197,482,197,480,196,479,191,479,191,477,190,476,185,476,185,474,184,473,182,473,182,471,181,470,179,470,179,468,179,468,176,468,176,463,176,462,174,462,174,460,173,459,171,459
214,255,216,255,217,254,217,252,225,252,226,252,226,250,234,250,234,249,234,247,239,247,240,246,240,244,268,244,268,246,269,247,283,247,283,266,278,266,277,267,277,269,275,269,275,267,274,266,243,266,242,267,242,269,220,269,220,267,219,266,217,266,217,261,216,260,214,260
226,485,228,485,229,485,229,474,239,474,239,476,240,477,251,477,251,479,252,480,254,480,254,482,252,482,251,482,251,490,249,490,248,491,248,493,237,493,237,491,237,490,234,490,234,491,234,493,226,493
258,480,260,480,261,479,261,477,280,477,281,476,281,474,289,474,290,473,290,471,297,471,298,470,298,468,306,468,307,468,307,465,321,465,321,468,321,468,324,468,324,479,321,479,321,480,321,482,319,482,318,482,318,485,316,485,315,485,315,487,310,487,309,488,309,490,298,490,297,491,297,493,287,493,286,494,286,496,261,496,261,482,260,482,258,482
290,255,292,255,292,254,292,252,295,252,295,252,295,250,300,250,300,252,301,252,309,252,309,254,310,255,318,255,318,257,319,258,324,258,324,260,324,261,326,261,326,263,327,264,329,264,329,272,327,272,326,272,326,274,324,274,324,275,324,280,313,280,313,278,312,277,310,277,310,275,309,274,301,274,301,272,300,272,292,272,292,269,292,269,290,269
292,295,329,295,329,422,327,422,326,423,326,445,301,445,301,443,300,442,292,442
342,312,344,312,345,311,345,309,350,309,350,311,350,312,353,312,353,328,342,328
339,349,353,349,353,365,350,365,350,366,350,385,339,385
339,389,350,389,350,414,350,414,353,414,353,431,350,431,350,431,350,433,339,433
353,332,364,332,364,343,362,343,361,343,361,360,362,360,364,360,364,362,362,362,361,363,361,365,353,365
353,369,355,369,356,368,356,366,358,366,358,368,359,369,364,369,364,385,362,385,361,386,361,388,359,388,359,386,358,385,353,385
353,389,364,389,364,405,365,406,367,406,367,408,365,408,364,409,364,411,356,411,356,409,355,408,353,408
365,323,373,323,373,325,374,326,376,326,376,337,377,338,379,338,379,343,377,343,376,343,376,345,368,345,368,343,367,343,365,343
365,363,367,363,368,362,368,346,379,346,379,371,368,371,368,369,367,368,365,368
368,372,379,372,379,391,374,391,373,392,373,394,371,394,371,392,370,391,368,391
365,409,367,409,368,408,368,394,373,394,374,394,374,392,379,392,379,416,377,416,376,417,376,419,368,419,368,417,367,416,365,416
403,480,405,480,406,479,406,465,419,465,419,493,403,493
406,301,408,301,408,300,408,255,419,255,419,306,420,306,422,306,422,331,420,331,419,332,419,436,417,436,417,434,416,433,406,433
