116,546,119,546,120,545,120,525,123,525,124,524,124,514,126,514,127,513,127,504,130,504,131,503,131,493,133,493,134,492,134,423,133,422,131,422,131,413,133,413,134,412,134,409,137,409,138,408,138,406,165,406,165,408,166,409,190,409,190,412,191,413,194,413,194,422,194,423,197,423,197,436,198,437,201,437,201,454,201,455,204,455,204,464,201,464,201,465,201,485,198,485,197,486,197,496,194,496,194,497,194,503,191,503,190,504,190,513,187,513,186,514,186,520,184,520,183,521,183,527,180,527,179,528,179,538,177,538,176,539,176,552,173,552,172,553,172,559,173,560,176,560,176,573,177,574,179,574,179,583,180,584,183,584,183,594,173,594,172,595,172,597,159,597,158,598,158,601,145,601,144,602,144,604,138,604,138,602,137,601,134,601,134,598,133,597,131,597,131,588,130,587,127,587,127,581,126,580,124,580,124,574,123,573,120,573,120,563,119,562,116,562
159,850,176,850,176,863,177,864,179,864,179,888,166,888,166,885,165,884,163,884,163,868,162,867,159,867
163,892,172,892,173,891,173,889,179,889,179,891,180,892,186,892,186,926,173,926,173,924,172,923,166,923,166,903,165,902,163,902
180,556,183,556,184,555,184,542,186,542,187,541,187,532,190,532,191,531,191,525,194,525,194,524,194,518,197,518,198,517,198,514,201,514,201,513,201,507,204,507,205,506,205,497,208,497,209,496,209,486,268,486,268,489,269,490,271,490,271,492,272,493,275,493,275,506,272,506,271,507,271,513,269,513,268,514,268,517,265,517,264,518,264,520,262,520,261,521,261,527,258,527,257,528,257,534,255,534,254,535,254,538,251,538,250,539,250,548,248,548,247,549,247,559,244,559,243,560,243,566,240,566,240,567,240,573,237,573,236,574,236,576,216,576,216,574,215,573,205,573,205,570,204,569,194,569,194,570,194,573,187,573,187,570,186,569,184,569,184,563,183,562,180,562
184,875,186,875,187,874,187,871,201,871,201,874,201,875,204,875,205,874,205,871,243,871,243,895,244,896,247,896,247,926,248,927,250,927,250,958,251,959,254,959,254,979,255,980,257,980,257,982,255,982,254,983,254,1000,251,1000,250,1001,250,1007,201,1007,201,1004,201,1003,198,1003,198,994,197,993,194,993,194,976,194,975,191,975,191,959,190,958,187,958,187,934,186,933,184,933,184,927,186,927,187,926,187,892,186,891,184,891
209,91,225,91,226,90,226,87,233,87,233,90,233,91,236,91,236,93,233,93,233,94,233,121,233,122,236,122,236,142,216,142,216,140,215,139,212,139,212,122,211,121,209,121
272,185,296,185,296,244,297,245,300,245,300,279,297,279,296,280,296,282,276,282,276,224,275,223,272,223
276,290,279,290,279,289,279,287,296,287,296,289,297,290,300,290,300,359,301,360,303,360,303,370,301,370,300,371,300,373,276,373
276,374,303,374,303,412,301,412,300,413,300,415,287,415,286,416,286,419,279,419,279,416,279,415,276,415
279,609,300,609,300,660,297,660,296,661,296,664,279,664
279,668,282,668,283,667,283,665,300,665,300,699,294,699,294,696,293,695,279,695,279,693,282,693,283,692,283,686,282,685,279,685
279,700,282,700,283,699,283,696,293,696,293,699,294,700,300,700,300,723,283,723,283,714,282,713,279,713
