198,953,203,953,204,952,204,895,260,895,260,984,262,986,267,986,267,1036,204,1036,204,999,203,997,198,997
198,188,203,188,204,186,204,175,209,175,211,173,211,149,216,149,217,147,217,84,222,84,224,82,224,0,337,0,337,30,332,30,331,32,331,50,326,50,324,51,324,102,320,102,318,103,318,160,313,160,312,162,312,186,307,186,305,188,305,212,300,212,299,214,299,218,294,218,292,220,292,225,268,225,267,227,267,231,243,231,243,227,241,225,211,225,211,220,209,218,198,218
230,629,235,629,236,627,236,596,241,596,243,595,243,557,248,557,249,556,249,531,254,531,256,530,256,480,260,480,262,478,262,369,260,368,256,368,256,311,260,311,262,309,262,304,267,304,267,309,268,311,363,311,363,316,364,317,369,317,369,361,371,363,376,363,376,458,371,458,369,460,369,497,364,497,363,499,363,536,358,536,356,538,356,569,352,569,350,570,350,608,345,608,344,609,344,744,345,746,350,746,350,815,339,815,339,810,337,809,230,809
281,979,286,979,288,977,288,966,305,966,307,965,307,960,344,960,345,958,345,953,350,953,352,952,352,947,356,947,356,1023,352,1023,350,1025,350,1029,339,1029,337,1031,337,1036,281,1036
326,129,331,129,332,128,332,64,337,64,339,63,339,25,344,25,345,24,345,12,344,11,339,11,339,6,344,6,345,4,345,0,427,0,427,43,422,43,420,45,420,89,416,89,414,90,414,121,409,121,408,123,408,141,396,141,395,142,395,147,390,147,390,142,388,141,332,141,332,136,331,134,326,134
345,733,350,733,352,731,352,681,356,681,358,679,358,655,376,655,376,660,377,661,382,661,382,770,358,770,358,739,356,737,352,737,350,739,350,744,345,744
371,564,376,564,377,562,377,538,401,538,401,562,396,562,395,564,395,582,371,582
384,512,388,512,390,510,390,486,395,486,396,484,396,467,414,467,414,471,416,473,420,473,420,484,416,484,414,486,414,504,409,504,408,506,408,536,384,536
377,1025,382,1025,384,1023,384,999,388,999,390,997,390,973,395,973,396,971,396,966,478,966,480,965,480,960,497,960,497,965,499,966,504,966,504,1036,377,1036
396,356,401,356,403,355,403,350,414,350,414,355,416,356,420,356,420,446,396,446
428,311,459,311,459,368,454,368,452,369,452,374,428,374
428,376,452,376,452,381,454,382,459,382,459,433,454,433,452,434,452,439,428,439
441,149,446,149,448,147,448,103,452,103,454,102,454,58,459,58,460,56,460,12,465,12,467,11,467,0,516,0,516,4,518,6,523,6,523,17,518,17,516,19,516,69,512,69,510,71,510,108,505,108,504,110,504,147,499,147,497,149,497,193,448,193,448,188,446,186,441,186
454,369,459,369,460,368,460,311,472,311,473,309,473,304,484,304,484,439,486,441,491,441,491,452,486,452,484,454,484,458,486,460,491,460,491,465,486,465,484,467,484,530,486,531,491,531,491,536,486,536,484,538,484,543,480,543,478,544,478,549,460,549,460,544,459,543,454,543,454,434,459,434,460,433,460,382,459,381,454,381
486,311,516,311,516,536,492,536,492,531,491,530,486,530,486,467,491,467,492,465,492,460,491,458,486,458,486,454,491,454,492,452,492,441,491,439,486,439
665,901,670,901,672,900,672,895,708,895,708,913,710,914,715,914,715,990,716,992,721,992,721,997,723,999,728,999,728,1036,672,1036,672,992,670,990,665,990
723,908,728,908,729,906,729,895,766,895,766,906,768,908,772,908,772,965,774,966,779,966,779,1036,729,1036,729,999,728,997,723,997
768,116,792,116,792,121,793,123,798,123,798,180,787,180,787,175,785,173,780,173,780,168,779,167,768,167
768,901,772,901,774,900,774,895,798,895,798,900,800,901,804,901,804,984,800,984,798,986,798,990,793,990,793,986,792,984,787,984,785,986,785,990,780,990,780,966,779,965,774,965,774,908,772,906,768,906
780,992,798,992,800,990,800,986,804,986,806,984,806,934,830,934,830,965,825,965,824,966,824,990,825,992,830,992,830,1036,780,1036
800,895,824,895,824,932,806,932,806,901,804,900,800,900
1024,259,1028,259,1030,257,1030,201,1035,201,1036,199,1036,194,1041,194,1043,193,1043,175,1048,175,1049,173,1049,162,1099,162,1099,167,1100,168,1112,168,1112,205,1113,207,1118,207,1118,225,1113,225,1112,227,1112,277,1107,277,1105,278,1105,394,1100,394,1099,395,1099,471,1094,471,1092,473,1092,478,1088,478,1086,480,1086,504,1081,504,1080,506,1080,517,1075,517,1073,519,1073,523,1049,523,1049,519,1048,517,1043,517,1043,512,1041,510,1036,510,1036,506,1035,504,1030,504,1030,467,1028,465,1024,465
1094,512,1099,512,1100,510,1100,395,1105,395,1107,394,1107,278,1112,278,1113,277,1113,227,1118,227,1120,225,1120,207,1118,205,1113,205,1113,168,1137,168,1139,167,1139,162,1156,162,1156,167,1158,168,1169,168,1169,173,1171,175,1176,175,1176,186,1177,188,1182,188,1182,193,1184,194,1188,194,1188,199,1190,201,1195,201,1195,205,1196,207,1201,207,1201,212,1203,214,1208,214,1208,244,1203,244,1201,246,1201,264,1196,264,1195,265,1195,309,1190,309,1188,311,1188,400,1184,400,1182,402,1182,452,1177,452,1176,454,1176,471,1171,471,1169,473,1169,504,1164,504,1163,506,1163,536,1094,536
1107,778,1112,778,1113,776,1113,772,1150,772,1150,841,1145,841,1144,843,1144,854,1107,854
1152,687,1156,687,1158,686,1158,681,1265,681,1267,679,1267,674,1278,674,1278,1036,1164,1036,1164,999,1163,997,1158,997,1158,973,1163,973,1164,971,1164,966,1163,965,1158,965,1158,882,1163,882,1164,880,1164,784,1163,783,1158,783,1158,694,1156,692,1152,692
