126,458,128,458,128,457,128,442,130,442,131,441,131,416,133,416,133,416,133,293,135,293,135,293,135,273,137,273,138,272,138,247,137,247,135,247,135,245,137,245,138,244,138,243,140,243,140,242,140,240,156,240,157,240,157,238,168,238,168,240,168,240,175,240,175,260,173,260,172,261,172,295,171,295,170,296,170,311,168,311,168,312,168,325,166,325,165,326,165,395,164,395,163,395,163,418,161,418,161,418,161,439,159,439,158,439,158,448,157,448,156,449,156,462,154,462,154,462,154,467,152,467,151,467,151,469,147,469,147,469,147,471,138,471,137,472,137,473,126,473
147,182,149,182,150,182,150,166,151,166,152,166,152,150,154,150,154,149,154,134,156,134,157,133,157,115,158,115,159,115,159,81,161,81,161,80,161,76,161,75,159,75,159,74,161,74,161,73,161,53,163,53,164,52,164,50,165,50,166,50,166,48,168,48,168,50,168,50,177,50,178,50,178,48,189,48,189,57,189,57,191,57,191,75,189,75,189,76,189,110,187,110,186,111,186,122,185,122,184,122,184,140,182,140,182,141,182,173,180,173,179,173,179,200,178,200,177,201,177,203,175,203,175,203,175,205,171,205,171,203,170,203,150,203,150,201,149,200,147,200
150,497,151,497,152,497,152,486,154,486,154,487,154,488,163,488,164,487,164,486,170,486,170,487,171,488,179,488,179,490,180,490,182,490,182,492,182,493,184,493,184,497,185,497,186,497,186,499,150,499
189,34,191,34,192,34,192,13,193,13,194,13,194,9,196,9,196,8,196,6,203,6,203,6,203,4,208,4,208,8,208,9,210,9,210,20,208,20,208,20,208,31,208,32,210,32,210,34,206,34,205,34,205,36,189,36
189,375,191,375,192,374,192,370,193,370,194,369,194,363,196,363,196,362,196,356,198,356,199,355,199,349,200,349,201,348,201,340,203,340,203,339,203,333,205,333,206,332,206,326,208,326,208,325,208,321,217,321,217,323,217,324,226,324,226,328,225,328,224,328,224,335,222,335,222,335,222,344,220,344,219,344,219,351,217,351,217,351,217,358,215,358,215,358,215,365,213,365,212,365,212,369,210,369,210,370,210,374,208,374,208,375,208,381,206,381,205,381,205,383,199,383,199,381,198,381,192,381,192,377,191,376,189,376
208,4,215,4,215,4,215,2,219,2,219,27,217,27,217,27,217,34,210,34,210,32,210,31,208,31,208,20,210,20,210,20,210,9,210,8,208,8
203,497,205,497,206,497,206,465,208,465,208,464,208,423,210,423,210,423,210,421,219,421,219,423,220,423,222,423,222,423,222,421,238,421,238,427,239,428,240,428,240,429,239,429,238,430,238,499,203,499
208,113,215,113,215,112,215,111,222,111,222,110,222,108,224,108,224,112,225,113,226,113,226,122,227,122,229,122,229,129,229,129,231,129,231,135,232,136,233,136,233,147,234,148,236,148,236,170,232,170,231,171,231,173,220,173,220,162,219,161,217,161,217,145,217,145,215,145,215,136,215,135,213,135,213,129,212,129,210,129,210,120,210,119,208,119
210,307,212,307,213,307,213,296,215,296,215,295,215,280,217,280,217,279,217,270,224,270,224,272,225,273,233,273,233,281,232,281,231,282,231,295,229,295,229,296,229,311,227,311,226,312,226,314,213,314,213,312,212,311,210,311
220,243,222,243,222,242,222,180,238,180,238,200,236,200,236,201,236,260,234,260,233,261,233,263,222,263,222,261,222,260,220,260
232,39,233,39,234,38,234,2,236,2,236,1,236,0,259,0,259,54,257,54,257,55,257,75,246,75,246,74,245,73,236,73,236,71,236,71,234,71,234,60,233,59,232,59
346,444,348,444,349,443,349,421,367,421,367,425,365,425,365,425,365,448,363,448,362,449,362,471,358,471,358,469,358,469,346,469
349,208,360,208,360,207,360,206,362,206,362,230,360,230,360,229,360,228,349,228
349,231,362,231,362,263,360,263,360,261,360,260,353,260,353,261,353,263,351,263,351,261,350,260,349,260,349,256,350,256,351,256,351,254,350,254,349,254
351,263,362,263,362,284,351,284
