612,1586,623,1586,627,1582,627,1526,654,1526,654,1537,657,1541,684,1541,684,1658,612,1658
627,1677,654,1677,657,1673,657,1662,684,1662,684,1688,688,1692,699,1692,699,1718,703,1722,715,1722,715,1734,719,1737,730,1737,730,1749,734,1752,745,1752,745,1764,749,1768,776,1768,776,1779,780,1783,822,1783,822,1794,826,1798,837,1798,837,1839,826,1839,822,1843,822,1854,810,1854,807,1858,807,1870,795,1870,795,1858,791,1854,749,1854,749,1843,745,1839,719,1839,719,1828,715,1824,688,1824,688,1813,684,1809,673,1809,673,1798,669,1794,657,1794,657,1768,654,1764,642,1764,642,1737,638,1734,627,1734
642,1480,654,1480,657,1477,657,1450,669,1450,673,1446,673,1420,684,1420,688,1416,688,1405,699,1405,703,1401,703,1390,715,1390,719,1386,719,1375,745,1375,749,1371,749,1360,776,1360,780,1356,780,1344,807,1344,810,1341,810,1329,852,1329,856,1326,856,1314,868,1314,868,1326,872,1329,883,1329,883,1356,887,1360,898,1360,898,1371,887,1371,883,1375,883,1386,856,1386,852,1390,852,1401,826,1401,822,1405,822,1416,780,1416,776,1420,776,1431,765,1431,761,1435,761,1446,749,1446,745,1450,745,1462,734,1462,730,1465,730,1492,719,1492,715,1496,715,1522,657,1522,657,1511,654,1507,642,1507
933,1752,960,1752,963,1749,963,1737,990,1737,994,1734,994,1722,1021,1722,1025,1718,1025,1707,1036,1707,1040,1703,1040,1692,1051,1692,1055,1688,1055,1677,1067,1677,1071,1673,1071,1662,1128,1662,1128,1673,1132,1677,1143,1677,1143,1718,1132,1718,1128,1722,1128,1734,1116,1734,1113,1737,1113,1764,1101,1764,1097,1768,1097,1779,1071,1779,1067,1783,1067,1794,1055,1794,1051,1798,1051,1809,1040,1809,1036,1813,1036,1824,1009,1824,1005,1828,1005,1839,994,1839,990,1843,990,1854,963,1854,963,1843,960,1839,948,1839,948,1798,944,1794,933,1794
1239,2568,1250,2568,1254,2565,1254,2417,1266,2417,1269,2414,1269,2312,1281,2312,1285,2308,1285,2251,1296,2251,1300,2247,1300,2236,1373,2236,1373,2247,1377,2251,1388,2251,1388,2368,1377,2368,1373,2372,1373,2731,1361,2731,1357,2735,1357,2746,1331,2746,1327,2750,1327,2761,1285,2761,1281,2765,1281,2776,1254,2776,1254,2735,1250,2731,1239,2731
1453,2599,1464,2599,1468,2595,1468,2584,1587,2584,1587,2640,1591,2644,1602,2644,1602,2731,1591,2731,1587,2735,1587,2746,1468,2746,1468,2735,1464,2731,1453,2731
1484,2100,1495,2100,1499,2096,1499,1994,1617,1994,1621,1990,1621,1979,1633,1979,1633,2081,1637,2085,1648,2085,1648,2111,1637,2111,1633,2115,1633,2126,1499,2126,1499,2115,1495,2111,1484,2111
1514,1828,1526,1828,1530,1824,1530,1798,1633,1798,1633,1809,1637,1813,1648,1813,1648,1915,1637,1915,1633,1919,1633,1945,1514,1945
1545,1420,1602,1420,1606,1416,1606,1405,1663,1405,1663,1416,1667,1420,1679,1420,1679,1552,1667,1552,1663,1556,1663,1567,1652,1567,1652,1556,1648,1552,1545,1552
1591,725,1602,725,1606,721,1606,604,1617,604,1621,600,1621,574,1725,574,1725,736,1713,736,1709,740,1709,812,1698,812,1694,816,1694,842,1606,842,1606,816,1602,812,1591,812
1621,2342,1633,2342,1637,2338,1637,2160,1648,2160,1652,2157,1652,2009,1663,2009,1667,2006,1667,1858,1694,1858,1698,1854,1698,1843,1786,1843,1786,1885,1774,1885,1770,1888,1770,2006,1759,2006,1755,2009,1755,2338,1744,2338,1740,2342,1740,2640,1713,2640,1709,2644,1709,2655,1667,2655,1663,2659,1663,2670,1621,2670
1728,982,1740,982,1744,978,1744,800,1755,800,1759,797,1759,695,1770,695,1774,691,1774,634,1816,634,1820,630,1820,619,1862,619,1862,661,1851,661,1847,664,1847,827,1836,827,1832,831,1832,1174,1820,1174,1816,1178,1816,1310,1805,1310,1801,1314,1801,1326,1744,1326,1744,1314,1740,1310,1728,1310
1973,2614,2122,2614,2122,2686,2111,2686,2107,2689,2107,2882,2096,2882,2092,2886,2092,2897,1989,2897,1989,2886,1985,2882,1973,2882,1973,2840,1985,2840,1989,2837,1989,2825,1985,2822,1973,2822,1973,2810,1985,2810,1989,2806,1989,2795,1985,2791,1973,2791
1958,3173,1969,3173,1973,3169,1973,2961,1985,2961,1985,2973,1989,2976,2092,2976,2092,3018,2096,3022,2107,3022,2107,3184,2096,3184,2092,3188,2092,3245,2096,3248,2107,3248,2107,3260,1958,3260
