253,555,256,555,257,554,257,550,280,550,280,577,281,578,284,578,284,582,285,583,289,583,289,600,281,600,280,601,280,605,267,605,267,601,266,600,262,600,262,592,261,591,257,591,257,587,256,586,253,586
328,648,331,648,332,646,332,606,336,606,337,605,337,587,355,587,355,591,356,592,359,592,359,596,356,596,355,597,355,642,351,642,350,643,350,670,328,670
342,518,345,518,346,517,346,476,355,476,355,480,356,481,364,481,365,480,365,476,369,476,369,480,370,481,373,481,373,484,370,484,369,486,369,512,365,512,364,513,364,549,360,549,359,550,359,554,356,554,356,550,355,549,342,549
356,597,373,597,373,605,370,605,369,606,369,637,356,637
360,550,364,550,365,549,365,513,378,513,378,563,375,563,373,564,373,596,360,596,360,560,364,560,365,559,365,555,364,554,360,554
389,263,411,263,411,281,412,282,416,282,416,304,393,304,393,291,392,290,389,290
421,856,514,856,514,971,496,971,496,967,495,966,473,966,473,962,472,961,464,961,464,958,462,957,450,957,448,958,448,961,426,961,426,953,425,952,421,952
421,976,425,976,426,975,426,967,430,967,430,971,431,972,439,972,439,975,440,976,495,976,496,975,496,972,509,972,509,980,510,981,514,981,514,998,421,998
539,398,570,398,571,396,571,393,594,393,594,452,548,452,547,453,547,457,539,457
548,907,556,907,556,910,557,912,617,912,617,957,614,957,612,958,612,961,571,961,571,958,570,957,548,957
600,842,603,842,604,841,604,791,608,791,609,790,609,787,617,787,618,785,618,768,626,768,626,771,628,773,631,773,631,795,632,796,636,796,636,859,604,859,604,856,603,855,600,855
