23,142,26,142,27,141,27,134,30,134,31,133,31,126,34,126,35,125,35,123,38,123,39,122,39,115,42,115,43,114,43,111,46,111,47,110,47,107,50,107,51,106,51,103,54,103,55,102,55,100,62,100,63,99,63,96,65,96,66,95,66,92,73,92,74,91,74,88,77,88,77,95,78,96,81,96,81,99,82,100,85,100,85,102,86,103,89,103,89,114,86,114,85,115,85,118,82,118,81,119,81,122,78,122,77,123,77,125,74,125,73,126,73,133,70,133,69,134,69,137,66,137,65,138,65,145,63,145,62,146,62,164,59,164,58,165,58,183,59,184,62,184,62,187,63,188,65,188,65,191,66,192,69,192,69,199,70,200,73,200,73,210,74,211,77,211,77,214,78,215,81,215,81,218,82,219,85,219,85,222,86,223,89,223,89,225,90,226,97,226,97,229,98,230,109,230,109,233,110,234,125,234,125,245,126,246,128,246,128,252,126,252,125,253,125,260,114,260,114,257,113,256,98,256,98,253,97,252,86,252,86,250,85,249,78,249,78,246,77,245,70,245,70,242,69,241,66,241,66,238,65,237,63,237,63,234,62,233,59,233,59,230,58,229,51,229,51,226,50,225,47,225,47,223,46,222,43,222,43,215,42,214,39,214,39,207,38,206,35,206,35,196,34,195,31,195,31,184,30,183,27,183,27,176,26,175,23,175
94,84,132,84,132,87,133,88,148,88,148,91,149,92,156,92,156,95,157,96,160,96,160,99,161,100,164,100,164,102,165,103,168,103,168,106,169,107,172,107,172,114,173,115,176,115,176,118,177,119,180,119,180,125,181,126,184,126,184,129,185,130,188,130,188,137,185,137,184,138,184,141,177,141,176,142,176,145,169,145,169,142,168,141,165,141,165,134,164,133,161,133,161,130,160,129,157,129,157,126,156,125,153,125,153,123,152,122,145,122,145,119,144,118,137,118,137,115,136,114,129,114,129,111,128,110,110,110,110,107,109,106,98,106,98,103,97,102,94,102
137,234,140,234,141,233,141,230,144,230,145,229,145,226,148,226,149,225,149,223,152,223,153,222,153,219,156,219,157,218,157,215,160,215,161,214,161,211,164,211,165,210,165,207,168,207,169,206,169,200,172,200,173,199,173,184,176,184,177,183,177,157,176,156,173,156,173,150,184,150,185,149,185,146,195,146,195,156,196,157,199,157,199,191,196,191,195,192,195,202,192,202,191,203,191,214,189,214,188,215,188,222,185,222,184,223,184,229,181,229,180,230,180,233,177,233,176,234,176,237,173,237,172,238,172,241,169,241,168,242,168,245,161,245,160,246,160,249,153,249,152,250,152,252,137,252
330,723,333,723,334,722,334,703,345,703,345,706,346,707,353,707,354,706,354,703,373,703,373,706,374,707,377,707,377,787,342,787,341,788,341,791,338,791,337,792,337,795,334,795,334,765,333,764,330,764
334,796,377,796,377,799,378,800,380,800,380,899,381,900,384,900,384,922,354,922,354,919,353,918,334,918
334,926,337,926,338,925,338,923,341,923,341,925,342,926,380,926,380,933,381,934,384,934,384,991,342,991,342,988,341,987,338,987,338,930,337,929,334,929
385,523,392,523,393,522,393,519,412,519,412,522,413,523,416,523,416,552,413,552,412,553,412,556,401,556,400,557,400,560,389,560,389,534,388,533,385,533
389,361,408,361,408,364,409,365,412,365,412,379,409,379,408,380,408,402,409,403,412,403,412,425,393,425,392,426,392,429,389,429
389,430,408,430,408,433,409,434,412,434,412,487,401,487,400,488,400,491,393,491,393,476,392,475,389,475
433,1176,436,1176,437,1175,437,1173,463,1173,463,1199,437,1199,437,1192,436,1191,433,1191
