46,257,48,257,48,256,48,248,50,248,51,247,51,241,53,241,53,241,53,234,55,234,55,234,55,225,57,225,58,225,58,221,60,221,60,220,60,216,62,216,62,216,62,214,64,214,65,213,65,212,67,212,67,211,67,207,69,207,69,207,69,205,74,205,74,204,74,203,78,203,79,202,79,200,85,200,86,200,86,198,90,198,90,198,90,196,94,196,95,195,95,194,99,194,100,193,100,191,111,191,111,193,111,194,127,194,127,195,128,196,139,196,139,198,139,198,146,198,146,200,146,200,148,200,148,207,146,207,146,207,146,216,144,216,143,216,143,218,114,218,113,219,113,220,107,220,106,221,106,222,102,222,101,223,101,225,97,225,97,225,97,227,95,227,94,228,94,229,93,229,92,230,92,232,88,232,88,232,88,234,86,234,85,234,85,236,83,236,83,237,83,241,81,241,81,241,81,245,79,245,78,246,78,250,76,250,76,250,76,254,74,254,74,255,74,261,72,261,71,261,71,274,72,275,74,275,74,286,74,286,76,286,76,297,72,297,71,298,71,299,65,299,64,300,64,302,58,302,57,302,57,304,53,304,53,298,53,297,51,297,51,284,50,283,48,283,48,273,48,272,46,272
62,90,81,90,81,94,81,94,83,94,83,121,81,121,81,121,81,134,79,134,78,135,78,137,67,137,67,135,67,134,65,134,65,133,64,132,62,132
62,410,64,410,65,410,65,408,67,408,67,410,67,410,69,410,69,410,69,408,71,408,71,410,72,410,76,410,76,410,76,408,78,408,78,464,76,464,76,465,76,466,69,466,69,465,69,464,65,464,65,462,64,462,62,462,62,460,64,460,65,460,65,420,64,419,62,419
62,374,83,374,83,378,81,378,81,379,81,396,79,396,78,397,78,408,76,408,76,406,76,405,65,405,65,390,64,390,62,390
97,406,99,406,100,405,100,399,113,399,113,401,114,401,115,401,115,405,114,405,113,406,113,417,97,417
97,420,113,420,113,444,104,444,104,442,104,442,97,442
97,447,113,447,113,460,114,460,115,460,115,484,114,484,113,485,113,489,100,489,100,480,99,480,97,480
97,67,99,67,100,67,100,65,115,65,115,101,100,101,100,83,99,82,97,82
97,106,99,106,100,105,100,103,106,103,106,105,107,106,115,106,115,139,114,139,113,140,113,157,111,157,111,158,111,159,107,159,107,158,106,157,100,157,100,153,99,152,97,152,97,151,99,151,100,150,100,119,99,119,97,119
100,352,111,352,111,353,111,354,113,354,113,356,114,356,115,356,115,394,114,394,113,395,113,396,100,396
247,173,248,173,249,173,249,171,253,171,253,173,254,173,258,173,258,173,258,171,265,171,265,173,265,173,267,173,267,186,268,187,269,187,269,204,270,205,272,205,272,218,270,218,269,219,269,229,268,229,267,230,267,247,254,247,253,248,253,250,249,250,249,205,248,204,247,204
258,413,260,413,261,412,261,401,267,401,267,403,268,404,272,404,272,403,272,401,274,401,274,403,275,404,276,404,276,414,275,414,274,415,274,421,275,422,276,422,276,432,258,432
261,327,269,327,269,329,270,329,272,329,272,347,261,347
