157,356,160,356,162,355,162,337,165,337,166,336,166,328,170,328,171,326,171,318,197,318,197,322,199,323,230,323,230,331,226,331,225,332,225,345,222,345,221,346,221,364,217,364,216,365,216,373,162,373,162,370,160,369,157,369
157,389,197,389,199,387,199,384,211,384,211,387,212,389,216,389,216,406,217,407,221,407,221,425,222,426,225,426,225,444,226,445,230,445,230,453,231,454,234,454,234,458,236,459,239,459,239,462,240,464,244,464,244,467,245,468,248,468,248,472,250,473,253,473,253,476,254,478,258,478,258,481,259,482,267,482,267,486,268,487,271,487,271,491,273,492,281,492,281,495,282,496,285,496,285,500,287,501,290,501,290,505,287,505,285,506,285,509,282,509,281,510,281,514,277,514,276,515,276,519,273,519,271,520,271,528,268,528,267,529,267,533,263,533,262,534,262,537,259,537,258,539,258,542,254,542,253,543,253,547,250,547,250,543,248,542,245,542,245,539,244,537,240,537,240,534,239,533,231,533,231,529,230,528,226,528,226,525,225,523,222,523,222,520,221,519,217,519,217,515,216,514,212,514,212,510,211,509,208,509,208,506,207,505,199,505,199,501,197,500,194,500,194,496,193,495,189,495,189,492,188,491,185,491,185,482,184,481,180,481,180,478,179,476,175,476,175,459,174,458,171,458,171,435,170,434,166,434,166,417,165,416,162,416,162,403,160,401,157,401
185,290,188,290,189,289,189,285,193,285,194,284,194,276,197,276,199,275,199,271,202,271,203,270,203,262,207,262,208,261,208,257,211,257,212,256,212,253,216,253,217,251,217,248,221,248,222,247,222,243,230,243,231,242,231,239,234,239,236,237,236,234,244,234,245,233,245,229,258,229,258,233,259,234,262,234,262,237,263,239,267,239,267,242,268,243,271,243,271,251,273,253,276,253,276,256,277,257,281,257,281,261,282,262,285,262,285,275,277,275,276,276,276,280,268,280,267,281,267,284,263,284,262,285,262,289,254,289,253,290,253,294,250,294,248,295,248,298,245,298,244,300,244,303,240,303,239,304,239,312,236,312,234,314,234,317,226,317,226,314,225,312,217,312,217,309,216,308,208,308,208,304,207,303,194,303,194,300,193,298,189,298,189,295,188,294,185,294
439,281,443,281,444,280,444,276,447,276,449,275,449,271,457,271,458,270,458,267,461,267,462,266,462,262,471,262,472,261,472,257,480,257,480,266,481,267,484,267,484,270,486,271,489,271,489,275,490,276,494,276,494,280,495,281,498,281,498,284,500,285,503,285,503,294,504,295,508,295,508,298,509,300,512,300,512,308,513,309,517,309,517,322,518,323,521,323,521,336,523,337,526,337,526,359,495,359,494,360,494,364,481,364,481,360,480,359,476,359,476,346,475,345,472,345,472,337,471,336,467,336,467,328,466,326,462,326,462,318,461,317,458,317,458,309,457,308,453,308,453,304,452,303,449,303,449,295,447,294,444,294,444,290,443,289,439,289
444,473,447,473,449,472,449,468,452,468,453,467,453,464,457,464,458,462,458,454,461,454,462,453,462,450,466,450,467,448,467,445,471,445,472,444,472,435,475,435,476,434,476,421,480,421,481,420,481,375,531,375,531,430,527,430,526,431,526,444,523,444,521,445,521,453,518,453,517,454,517,462,513,462,512,464,512,472,509,472,508,473,508,476,504,476,503,478,503,481,500,481,498,482,498,491,495,491,494,492,494,495,490,495,489,496,489,500,486,500,484,501,484,509,472,509,472,506,471,505,467,505,467,501,466,500,462,500,462,496,461,495,453,495,453,492,452,491,449,491,449,487,447,486,444,486
578,234,623,234,623,280,625,281,628,281,628,322,629,323,633,323,633,326,629,326,628,328,628,364,629,365,633,365,633,387,629,387,628,389,628,397,615,397,614,398,614,401,583,401,583,323,582,322,578,322
583,412,623,412,625,411,625,407,628,407,628,411,629,412,633,412,633,416,634,417,637,417,637,420,634,420,633,421,633,430,634,431,637,431,637,453,634,453,633,454,633,462,634,464,637,464,637,472,634,472,633,473,633,537,587,537,587,445,586,444,583,444
625,267,628,267,629,266,629,234,651,234,651,237,652,239,656,239,656,317,648,317,646,318,646,322,638,322,637,323,637,326,634,326,634,323,633,322,629,322,629,281,628,280,625,280
629,328,637,328,638,326,638,323,651,323,652,322,652,318,656,318,656,322,657,323,660,323,660,326,662,328,665,328,665,331,662,331,660,332,660,401,662,403,665,403,665,411,638,411,637,412,637,416,634,416,634,412,633,411,629,411,629,407,633,407,634,406,634,393,633,392,629,392,629,389,633,389,634,387,634,365,633,364,629,364
634,421,637,421,638,420,638,417,665,417,665,425,662,425,660,426,660,430,662,431,665,431,665,458,666,459,670,459,670,462,666,462,665,464,665,486,666,487,670,487,670,491,666,491,665,492,665,537,634,537,634,473,637,473,638,472,638,464,637,462,634,462,634,454,637,454,638,453,638,431,637,430,634,430
