282,503,286,503,288,502,288,474,292,474,294,472,294,462,298,462,300,460,300,450,304,450,306,448,306,438,310,438,312,437,312,420,316,420,318,419,318,414,322,414,322,419,324,420,340,420,340,442,336,442,334,444,334,454,330,454,328,456,328,472,324,472,322,474,322,496,318,496,316,497,316,531,312,531,310,533,310,561,306,561,306,557,304,555,294,555,294,551,292,549,282,549
276,562,310,562,310,620,312,622,316,622,316,668,318,669,322,669,322,685,324,687,328,687,328,697,330,699,334,699,334,715,336,717,340,717,340,733,342,734,346,734,346,745,348,746,352,746,352,751,348,751,346,752,346,757,330,757,328,758,328,762,312,762,312,740,310,739,306,739,306,722,304,721,300,721,300,705,298,703,294,703,294,687,292,685,288,685,288,669,286,668,282,668,282,604,280,602,276,602
366,426,370,426,372,425,372,420,406,420,406,573,402,573,400,574,400,585,378,585,378,580,376,579,372,579,372,574,376,574,378,573,378,515,376,514,372,514,372,432,370,431,366,431
390,634,418,634,418,644,420,645,424,645,424,697,390,697
390,705,394,705,396,703,396,699,400,699,400,703,402,705,406,705,408,703,408,699,424,699,424,703,420,703,418,705,418,745,408,745,406,746,406,751,396,751,396,746,394,745,390,745,390,740,394,740,396,739,396,711,394,709,390,709
402,574,406,574,408,573,408,426,430,426,430,591,420,591,420,586,418,585,402,585
456,402,472,402,472,407,474,408,478,408,480,407,480,402,484,402,484,407,486,408,490,408,490,514,486,514,484,515,484,531,462,531,462,462,460,460,456,460,456,456,460,456,462,454,462,426,460,425,456,425
498,438,514,438,514,442,510,442,508,444,508,448,510,450,514,450,514,466,516,468,520,468,520,478,522,480,526,480,526,525,522,525,520,527,520,531,504,531,504,527,502,525,498,525,498,521,502,521,504,520,504,480,502,478,498,478
552,426,556,426,558,425,558,420,562,420,562,425,564,426,574,426,576,425,576,420,580,420,580,425,582,426,586,426,586,496,552,496,552,480,556,480,558,478,558,462,556,460,552,460
582,497,586,497,588,496,588,432,598,432,600,431,600,426,604,426,604,431,606,432,610,432,610,514,606,514,604,515,604,520,600,520,598,521,598,525,582,525
