66,252,68,252,68,252,68,250,70,250,71,249,71,247,73,247,73,249,73,250,95,250,95,252,96,252,112,252,113,252,113,250,115,250,115,252,115,252,117,252,117,254,118,255,120,255,120,274,120,274,122,274,122,300,120,300,120,301,120,332,118,332,117,332,117,344,118,345,120,345,120,349,118,349,117,350,117,456,115,456,115,456,115,458,115,459,117,459,117,463,115,463,115,464,115,468,93,468,93,466,92,466,81,466,81,464,80,463,68,463,68,461,68,461,66,461,66,454,68,454,68,453,68,413,70,413,71,412,71,396,70,395,68,395,68,359,68,359,66,359,66,332,68,332,68,332,68,267,68,266,66,266
73,554,75,554,76,553,76,537,78,537,78,536,78,525,88,525,88,526,88,527,95,527,95,531,93,531,92,532,92,541,91,541,90,542,90,563,91,563,92,563,92,568,93,568,95,568,95,573,96,573,97,573,97,577,98,578,100,578,100,580,100,580,102,580,102,587,98,587,97,588,97,590,96,590,95,590,95,592,88,592,88,590,88,590,86,590,86,583,85,582,83,582,83,578,83,577,81,577,81,576,80,575,78,575,78,571,78,570,76,570,76,563,75,563,73,563
88,510,90,510,91,509,91,505,92,505,93,504,93,503,95,503,96,502,96,500,97,500,98,500,98,498,100,498,100,497,100,495,102,495,103,495,103,493,107,493,108,492,108,490,110,490,110,490,110,488,115,488,115,487,115,486,117,486,118,485,118,483,122,483,123,483,123,481,129,481,130,480,130,478,152,478,152,480,152,481,156,481,156,483,157,483,161,483,161,487,160,487,159,488,159,490,157,490,156,490,156,492,157,493,159,493,159,497,132,497,132,498,132,500,128,500,127,500,127,502,123,502,122,503,122,504,118,504,117,505,117,507,115,507,115,507,115,509,113,509,112,510,112,512,110,512,110,512,110,514,108,514,107,515,107,517,103,517,102,517,102,519,100,519,100,520,100,521,93,521,93,520,92,519,91,519,91,517,90,517,88,517
100,597,102,597,103,597,103,593,105,593,105,592,105,590,112,590,112,592,113,593,115,593,115,594,115,595,117,595,117,597,118,597,122,597,122,599,123,600,127,600,127,602,128,602,142,602,142,604,142,605,147,605,147,604,147,602,154,602,154,604,155,605,156,605,156,616,145,616,144,617,144,619,140,619,140,617,139,616,125,616,125,614,124,614,118,614,118,612,117,611,113,611,113,610,112,609,110,609,110,607,110,607,105,607,105,605,105,604,103,604,103,602,102,602,100,602
125,267,127,267,128,266,128,264,132,264,132,264,132,262,171,262,171,310,172,311,174,311,174,320,172,320,171,320,171,337,172,337,174,337,174,354,172,354,171,354,171,356,172,357,174,357,174,400,174,401,176,401,176,422,177,422,179,422,179,436,179,437,181,437,181,444,182,444,184,444,184,451,184,452,186,452,186,453,184,453,184,454,184,456,179,456,179,456,179,458,177,458,176,459,176,461,152,461,152,461,152,463,130,463,130,456,129,456,128,456,128,410,127,410,125,410,125,386,127,386,128,385,128,376,127,376,125,376,125,374,127,374,128,373,128,369,127,368,125,368
164,488,176,488,176,490,177,490,181,490,181,492,182,493,186,493,186,495,187,495,188,495,188,497,189,498,191,498,191,500,192,500,193,500,193,502,194,503,196,503,196,504,197,505,198,505,198,509,199,510,201,510,201,512,201,512,203,512,203,514,201,514,201,515,201,517,197,517,196,517,196,519,194,519,193,520,193,521,189,521,189,520,188,519,187,519,187,515,186,514,184,514,184,512,184,512,182,512,182,510,181,509,179,509,179,507,179,507,177,507,177,505,176,504,172,504,172,503,171,502,169,502,169,500,169,500,164,500
162,602,164,602,164,602,164,600,169,600,169,599,169,597,174,597,174,597,174,595,176,595,177,594,177,593,181,593,182,592,182,590,184,590,184,590,184,585,186,585,187,585,187,583,188,583,189,582,189,580,191,580,192,580,192,576,193,576,194,575,194,571,196,571,196,573,197,573,206,573,206,582,204,582,203,583,203,587,201,587,201,588,201,592,199,592,198,593,198,594,197,594,196,595,196,599,194,599,193,600,193,602,192,602,191,602,191,604,187,604,186,605,186,607,184,607,184,607,184,609,179,609,179,610,179,611,174,611,174,612,174,614,167,614,167,612,166,611,164,611,164,605,164,604,162,604
184,315,186,315,187,315,187,313,206,313,206,312,206,311,211,311,211,312,211,313,213,313,214,312,214,311,223,311,223,312,224,313,228,313,228,315,229,315,230,315,230,351,229,351,228,352,228,432,229,432,230,432,230,441,229,441,228,442,228,444,226,444,225,444,225,446,219,446,218,447,218,449,209,449,208,449,208,451,199,451,198,452,198,453,189,453,189,432,188,432,187,432,187,379,186,378,184,378,184,345,186,345,187,344,187,320,186,320,184,320
192,522,193,522,194,521,194,520,198,520,199,519,199,517,201,517,201,517,201,515,203,515,203,517,204,517,206,517,206,521,206,522,208,522,208,526,209,527,211,527,211,543,211,544,213,544,213,551,211,551,211,551,211,553,206,553,206,551,206,551,199,551,199,542,198,541,197,541,197,534,196,534,194,534,194,527,193,526,192,526
197,561,198,561,199,560,199,554,203,554,203,555,204,556,211,556,211,565,209,565,208,566,208,570,201,570,201,568,201,568,197,568
