31,132,33,132,34,131,34,105,35,105,36,104,36,83,40,83,40,82,40,80,74,80,74,82,75,83,76,83,76,93,75,93,74,94,74,161,75,161,76,161,76,181,75,181,74,181,74,185,70,185,69,186,69,188,68,188,68,186,67,185,54,185,54,184,54,183,52,183,51,184,51,185,34,185,34,148,33,147,31,147,31,139,33,139,34,138,34,134,33,134,31,134
31,289,33,289,34,289,34,197,51,197,52,197,52,195,58,195,58,197,59,197,69,197,69,199,70,199,72,199,72,304,70,304,69,305,69,311,65,311,65,309,65,309,54,309,54,307,54,307,40,307,40,305,40,304,34,304,33,305,33,307,31,307
31,312,42,312,42,313,43,314,49,314,50,313,50,312,54,312,54,313,54,314,58,314,59,313,59,312,69,312,69,313,70,314,72,314,72,333,72,334,74,334,74,390,75,390,76,390,76,405,75,405,74,406,74,423,72,423,72,424,72,428,65,428,65,426,65,426,59,426,59,424,58,423,45,423,45,422,44,421,40,421,40,419,40,419,36,419,36,415,35,414,34,414,34,392,33,392,31,392,31,348,33,348,34,347,34,334,33,333,31,333
86,197,88,197,88,197,88,195,99,195,99,197,100,197,106,197,106,217,97,217,97,217,97,219,86,219
86,224,106,224,106,241,104,241,104,242,104,244,88,244,88,235,88,235,86,235,86,231,88,231,88,230,88,229,88,228,86,228
86,177,88,177,88,176,88,152,106,152,106,188,104,188,104,188,104,190,88,190,88,188,88,188,86,188
86,260,88,260,88,259,88,251,106,251,106,271,104,271,104,271,104,273,88,273,88,264,88,264,86,264
131,197,133,197,134,197,134,190,135,190,136,190,136,186,138,186,138,185,138,184,140,184,141,183,141,181,142,181,143,181,143,177,145,177,145,176,145,175,147,175,147,174,147,172,149,172,150,172,150,170,151,170,151,172,152,172,154,172,154,176,154,177,156,177,156,179,156,179,160,179,160,181,159,181,158,181,158,185,154,185,154,186,154,188,152,188,151,188,151,190,150,190,149,190,149,194,147,194,147,195,147,199,145,199,145,199,145,201,143,201,142,202,142,210,141,210,141,208,140,208,134,208,134,206,133,206,131,206
131,213,138,213,138,212,138,211,142,211,142,214,143,215,145,215,145,219,145,220,147,220,147,221,147,222,149,222,149,223,150,224,151,224,151,226,152,226,156,226,156,235,154,235,154,235,154,239,147,239,147,238,147,237,145,237,145,235,145,235,143,235,143,233,142,232,141,232,141,231,140,230,138,230,138,229,138,228,136,228,136,222,135,221,134,221,134,217,133,217,131,217
154,208,156,208,156,208,156,202,158,202,159,201,159,181,160,181,161,181,161,179,165,179,166,179,166,177,170,177,170,179,170,179,188,179,188,188,188,188,190,188,190,192,188,192,188,193,188,197,188,197,190,197,190,201,191,202,192,202,192,210,193,211,195,211,195,217,193,217,192,217,192,228,172,228,172,224,172,223,170,223,170,220,170,219,163,219,163,217,163,217,161,217,161,215,160,214,159,214,159,213,158,212,156,212,156,213,156,214,154,214
184,482,185,482,186,482,186,480,188,480,188,479,188,478,190,478,191,477,191,476,192,476,193,475,193,473,195,473,195,473,195,471,197,471,197,470,197,469,199,469,200,468,200,467,201,467,202,466,202,464,204,464,204,464,204,462,208,462,209,461,209,460,211,460,211,459,211,458,213,458,213,457,213,455,215,455,216,455,216,453,217,453,218,453,218,451,220,451,220,450,220,449,222,449,222,448,222,446,238,446,238,448,238,449,247,449,247,448,247,446,247,446,245,446,245,442,245,441,243,441,243,440,242,439,241,439,241,428,242,428,243,428,243,426,245,426,245,426,245,422,247,422,247,421,247,419,249,419,250,419,250,417,254,417,254,417,254,415,256,415,257,414,257,413,258,413,259,412,259,410,261,410,261,410,261,408,263,408,263,408,263,406,265,406,266,405,266,404,267,404,268,403,268,401,270,401,270,401,270,399,272,399,273,399,273,397,274,397,275,396,275,395,276,395,277,394,277,392,279,392,279,392,279,390,281,390,282,390,282,388,286,388,286,387,286,386,288,386,288,385,288,383,302,383,302,396,300,396,299,397,299,399,298,399,297,399,297,401,295,401,295,401,295,405,293,405,292,406,292,410,291,410,290,410,290,414,288,414,288,415,288,419,286,419,286,419,286,430,286,431,290,431,290,432,291,433,295,433,295,435,295,435,299,435,299,437,300,437,302,437,302,444,300,444,299,444,299,448,298,448,297,449,297,450,295,450,295,451,295,453,293,453,292,453,292,457,291,457,290,458,290,459,288,459,288,460,288,464,286,464,286,464,286,466,284,466,283,467,283,468,282,468,281,469,281,470,279,470,279,471,279,475,277,475,276,476,276,477,273,477,272,478,272,479,268,479,267,480,267,482,259,482,258,482,258,484,184,484
195,246,197,246,197,246,197,242,199,242,200,241,200,238,201,238,202,237,202,233,204,233,204,232,204,229,206,229,207,228,207,224,208,224,209,223,209,217,211,217,211,217,211,199,217,199,217,201,218,202,220,202,220,212,218,212,217,213,217,221,216,221,215,222,215,226,213,226,213,226,213,230,211,230,211,231,211,237,209,237,208,238,208,241,207,241,206,242,206,246,204,246,204,246,204,253,197,253,197,251,197,250,195,250
200,166,206,166,206,172,207,172,208,172,208,176,209,177,211,177,211,181,211,181,213,181,213,185,213,186,215,186,215,192,216,193,217,193,217,199,216,199,216,197,215,197,213,197,213,197,213,199,211,199,211,195,211,194,209,194,209,188,208,188,207,188,207,184,206,183,204,183,204,179,204,179,202,179,202,175,201,174,200,174
286,419,288,419,288,419,288,415,290,415,291,414,291,410,292,410,293,410,293,406,295,406,295,405,295,401,297,401,298,401,298,399,299,399,300,399,300,397,302,397,302,396,302,386,308,386,308,387,309,388,322,388,322,390,323,390,331,390,331,392,332,392,336,392,336,401,334,401,333,401,333,403,332,403,331,404,331,408,329,408,329,408,329,410,327,410,327,410,327,414,325,414,324,415,324,417,323,417,322,417,322,419,320,419,320,419,320,423,318,423,317,424,317,428,316,428,315,428,315,432,309,432,309,431,308,430,302,430,302,428,302,428,286,428
