374,436,378,436,379,434,379,384,383,384,385,382,385,361,389,361,391,360,391,344,395,344,396,342,396,338,400,338,402,337,402,332,406,332,408,331,408,327,412,327,413,325,413,321,417,321,419,319,419,309,423,309,425,308,425,304,429,304,430,302,430,292,434,292,436,291,436,286,440,286,442,285,442,281,463,281,463,285,464,286,497,286,497,291,498,292,502,292,502,308,498,308,497,309,497,314,493,314,491,315,491,325,487,325,485,327,485,331,481,331,480,332,480,337,476,337,474,338,474,342,470,342,468,344,468,348,464,348,463,349,463,354,459,354,457,355,457,365,453,365,451,367,451,371,447,371,446,372,446,388,442,388,440,390,440,434,436,434,434,436,434,469,396,469,395,470,395,474,374,474
379,499,389,499,391,497,391,493,406,493,408,491,408,487,417,487,419,486,419,481,434,481,434,486,436,487,440,487,440,491,442,493,446,493,446,503,447,504,451,504,451,514,453,516,457,516,457,526,459,527,463,527,463,532,464,533,468,533,468,537,470,539,474,539,474,543,476,545,480,545,480,555,481,556,485,556,485,560,487,562,497,562,497,566,498,568,502,568,502,572,504,573,508,573,508,595,504,595,502,596,502,601,481,601,480,602,480,606,447,606,446,608,446,612,442,612,442,602,440,601,436,601,436,596,434,595,430,595,430,590,429,589,425,589,425,579,423,578,419,578,419,573,417,572,413,572,413,568,412,566,408,566,408,562,406,560,402,560,402,556,400,555,396,555,396,533,395,532,391,532,391,516,389,514,385,514,385,504,383,503,379,503
646,493,684,493,684,589,680,589,678,590,678,612,646,612
651,292,689,292,689,417,685,417,684,418,684,480,651,480
725,395,729,395,731,394,731,384,752,384,753,382,753,378,774,378,774,446,725,446
719,590,723,590,725,589,725,476,729,476,731,474,731,470,746,470,746,474,748,476,769,476,769,503,770,504,774,504,774,578,770,578,769,579,769,612,725,612,725,608,723,606,719,606
725,298,729,298,731,296,731,292,735,292,736,291,736,286,757,286,757,291,759,292,774,292,774,296,776,298,780,298,780,342,776,342,774,344,774,365,731,365,731,332,729,331,725,331
918,590,922,590,923,589,923,493,927,493,929,491,929,418,927,417,923,417,923,413,927,413,929,411,929,407,927,405,923,405,923,401,927,401,929,400,929,395,927,394,923,394,923,309,927,309,929,308,929,281,939,281,939,285,940,286,961,286,961,291,963,292,1018,292,1018,555,1014,555,1012,556,1012,652,923,652,923,648,922,646,918,646,918,619,922,619,923,618,923,608,922,606,918,606
1037,510,1041,510,1042,509,1042,481,1063,481,1063,486,1065,487,1075,487,1075,491,1071,491,1069,493,1069,549,1042,549,1042,522,1041,520,1037,520
1048,436,1058,436,1058,440,1059,441,1075,441,1075,463,1048,463
1048,315,1052,315,1054,314,1054,304,1063,304,1063,308,1065,309,1080,309,1080,331,1076,331,1075,332,1075,337,1065,337,1063,338,1063,342,1065,344,1069,344,1069,348,1071,349,1075,349,1075,354,1076,355,1080,355,1080,382,1076,382,1075,384,1075,394,1076,395,1080,395,1080,400,1076,400,1075,401,1075,423,1059,423,1058,424,1058,428,1048,428,1048,344,1052,344,1054,342,1054,338,1052,337,1048,337,1048,327,1052,327,1054,325,1054,321,1052,319,1048,319
