0,781,29,781,29,785,31,787,35,787,35,810,37,812,42,812,42,829,43,831,48,831,48,848,50,850,54,850,54,860,56,862,60,862,60,879,62,881,67,881,67,904,56,904,54,906,54,910,50,910,48,912,48,917,43,917,42,918,42,923,37,923,37,918,35,917,31,917,31,912,29,910,25,910,25,893,23,892,18,892,18,881,17,879,12,879,12,875,10,873,6,873,6,850,4,848,0,848
68,787,73,787,75,785,75,781,85,781,85,785,87,787,92,787,92,792,93,793,98,793,98,810,100,812,104,812,104,829,106,831,110,831,110,848,112,850,117,850,117,867,93,867,93,843,92,842,87,842,87,831,85,829,81,829,81,812,79,810,75,810,75,800,73,798,68,798
87,775,92,775,93,773,93,768,104,768,104,779,106,781,110,781,110,798,112,800,117,800,117,810,118,812,123,812,123,823,125,825,129,825,129,842,131,843,135,843,135,860,131,860,129,862,129,867,118,867,118,850,117,848,112,848,112,831,110,829,106,829,106,812,104,810,100,810,100,793,98,792,93,792,93,787,92,785,87,785
243,143,248,143,250,142,250,87,254,87,256,85,256,81,342,81,342,129,343,131,348,131,348,154,350,156,354,156,354,254,337,254,335,256,335,260,268,260,268,256,267,254,256,254,256,231,254,229,250,229,250,168,248,167,243,167
262,287,285,287,287,285,287,281,360,281,360,310,362,312,367,312,367,360,368,362,373,362,373,398,375,400,379,400,379,417,381,418,385,418,385,435,387,437,392,437,392,454,393,456,398,456,398,485,393,485,393,481,392,479,337,479,335,481,335,485,318,485,318,475,317,473,312,473,312,468,310,467,306,467,306,450,304,448,300,448,300,437,298,435,293,435,293,418,292,417,287,417,287,393,285,392,281,392,281,368,279,367,275,367,275,331,273,329,268,329,268,300,267,298,262,298
393,200,398,200,400,198,400,181,404,181,406,179,406,162,410,162,412,160,412,156,417,156,418,154,418,150,423,150,425,148,425,143,429,143,431,142,431,137,442,137,443,135,443,131,454,131,456,129,456,125,460,125,462,123,462,118,473,118,475,117,475,112,479,112,481,110,481,106,492,106,493,104,493,100,498,100,498,104,500,106,510,106,510,117,512,118,517,118,517,142,506,142,504,143,504,148,493,148,492,150,492,154,481,154,479,156,479,160,475,160,473,162,473,167,462,167,460,168,460,173,456,173,454,175,454,179,450,179,448,181,448,192,443,192,442,193,442,217,437,217,435,218,435,254,437,256,442,256,442,273,443,275,448,275,448,285,450,287,454,287,454,298,456,300,460,300,460,304,462,306,467,306,467,310,468,312,479,312,479,317,481,318,485,318,485,323,487,325,504,325,504,329,506,331,517,331,517,335,518,337,535,337,535,342,537,343,542,343,542,348,543,350,548,350,548,354,543,354,542,356,542,373,537,373,535,375,535,379,531,379,529,381,529,385,518,385,518,381,517,379,493,379,493,375,492,373,475,373,475,368,473,367,462,367,462,362,460,360,456,360,456,356,454,354,450,354,450,350,448,348,437,348,437,343,435,342,431,342,431,337,429,335,425,335,425,331,423,329,418,329,418,325,417,323,412,323,412,312,410,310,406,310,406,306,404,304,400,304,400,287,398,285,393,285
550,118,554,118,556,117,556,112,579,112,579,117,581,118,598,118,598,123,600,125,617,125,617,129,618,131,623,131,623,135,625,137,629,137,629,142,631,143,635,143,635,148,637,150,642,150,642,154,643,156,648,156,648,160,650,162,654,162,654,167,656,168,660,168,660,173,662,175,667,175,667,192,668,193,673,193,673,260,668,260,668,256,667,254,650,254,650,250,648,248,643,248,643,206,642,204,637,204,637,187,635,185,631,185,631,181,629,179,625,179,625,175,623,173,618,173,618,168,617,167,612,167,612,162,610,160,606,160,606,156,604,154,600,154,600,150,598,148,593,148,593,143,592,142,575,142,575,137,573,135,562,135,562,131,560,129,550,129
550,156,567,156,567,160,568,162,573,162,573,179,575,181,579,181,579,192,575,192,573,193,573,198,556,198,556,168,554,167,550,167
556,200,573,200,573,204,575,206,579,206,579,229,581,231,585,231,585,273,587,275,592,275,592,317,575,317,575,312,573,310,568,310,568,281,567,279,562,279,562,218,560,217,556,217
581,206,598,206,598,242,600,243,604,243,604,279,593,279,593,275,592,273,587,273,587,231,585,229,581,229
587,350,592,350,593,348,593,337,598,337,600,335,600,331,604,331,606,329,606,325,610,325,612,323,612,318,617,318,618,317,618,312,623,312,625,310,625,300,629,300,631,298,631,293,635,293,637,292,637,287,642,287,642,292,643,293,648,293,648,298,650,300,660,300,660,304,656,304,654,306,654,317,650,317,648,318,648,323,643,323,642,325,642,329,637,329,635,331,635,335,631,335,629,337,629,342,625,342,623,343,623,348,618,348,617,350,617,354,612,354,610,356,610,360,587,360
787,518,798,518,800,517,800,512,829,512,829,529,831,531,835,531,835,548,837,550,842,550,842,567,843,568,848,568,848,592,850,593,854,593,854,617,856,618,860,618,860,642,862,643,867,643,867,673,868,675,873,675,873,698,875,700,879,700,879,723,881,725,885,725,885,735,887,737,892,737,892,773,887,773,885,775,885,779,881,779,879,781,879,785,850,785,850,775,848,773,843,773,843,762,842,760,837,760,837,737,835,735,831,735,831,712,829,710,825,710,825,693,823,692,818,692,818,668,817,667,812,667,812,643,810,642,806,642,806,600,804,598,800,598,800,568,798,567,793,567,793,531,792,529,787,529
850,500,873,500,873,517,875,518,879,518,879,529,881,531,885,531,885,560,887,562,892,562,892,573,887,573,885,575,885,579,881,579,879,581,879,585,868,585,868,575,867,573,862,573,862,550,860,548,856,548,856,531,854,529,850,529
875,587,885,587,887,585,887,581,892,581,892,585,893,587,898,587,898,604,900,606,904,606,904,635,906,637,910,637,910,673,912,675,917,675,917,698,918,700,923,700,923,735,925,737,929,737,929,748,925,748,923,750,923,754,906,754,906,737,904,735,900,735,900,718,898,717,893,717,893,687,892,685,887,685,887,662,885,660,881,660,881,631,879,629,875,629
931,431,948,431,950,429,950,425,954,425,954,429,956,431,960,431,960,454,962,456,967,456,967,479,962,479,960,481,960,485,950,485,950,481,948,479,943,479,943,462,942,460,937,460,937,443,935,442,931,442
931,650,960,650,962,648,962,643,973,643,973,648,975,650,979,650,979,685,981,687,985,687,985,698,987,700,992,700,992,735,993,737,998,737,998,767,987,767,985,768,985,773,956,773,956,762,954,760,950,760,950,731,948,729,943,729,943,700,942,698,937,698,937,668,935,667,931,667
950,487,960,487,962,485,962,481,973,481,973,504,975,506,979,506,979,523,981,525,985,525,985,560,962,560,962,543,960,542,956,542,956,512,954,510,950,510
956,906,960,906,962,904,962,900,973,900,973,904,975,906,979,906,979,979,962,979,962,918,960,917,956,917
962,568,979,568,981,567,981,562,985,562,985,567,987,568,992,568,992,585,993,587,998,587,998,679,987,679,987,650,985,648,981,648,981,625,979,623,975,623,975,593,973,592,968,592,968,575,967,573,962,573
