252,577,255,577,256,576,256,542,259,542,261,541,261,528,264,528,265,527,265,520,268,520,270,518,270,506,273,506,274,505,274,493,282,493,282,496,283,497,291,497,291,501,292,502,295,502,295,518,292,518,291,520,291,532,288,532,286,533,286,545,283,545,282,546,282,567,279,567,277,568,277,598,274,598,273,600,273,621,261,621,261,617,259,616,252,616
247,631,273,631,273,674,274,675,277,675,277,692,279,693,282,693,282,710,256,710,256,688,255,687,252,687,252,635,250,634,247,634
261,720,273,720,274,718,274,715,282,715,282,727,283,728,286,728,286,741,288,742,291,742,291,750,292,751,295,751,295,754,292,754,291,755,291,758,283,758,282,760,282,763,274,763,274,755,273,754,270,754,270,746,268,745,265,745,265,728,264,727,261,727
279,764,282,764,283,763,283,760,291,760,292,758,292,755,295,755,295,758,297,760,300,760,300,772,301,773,304,773,304,781,306,782,309,782,309,790,310,791,313,791,313,794,315,795,318,795,318,807,297,807,297,800,295,798,292,798,292,795,291,794,288,794,288,786,286,785,283,785,283,777,282,776,279,776
360,511,385,511,385,514,387,515,390,515,390,550,378,550,378,546,376,545,364,545,364,528,363,527,360,527
369,600,385,600,385,616,387,617,390,617,390,687,373,687,373,657,372,656,369,656,369,648,372,648,373,647,373,640,372,638,369,638
373,693,390,693,390,714,373,714
373,724,394,724,394,758,396,760,399,760,399,763,378,763,378,760,376,758,373,758,373,755,376,755,378,754,378,751,376,750,373,750,373,737,376,737,378,736,378,733,376,732,373,732
378,768,399,768,399,807,378,807
396,613,403,613,405,612,405,608,412,608,412,638,414,640,417,640,417,643,414,643,412,644,412,670,400,670,400,666,399,665,396,665
396,680,399,680,400,678,400,675,417,675,417,727,405,727,405,724,403,723,400,723,400,697,399,696,396,696
418,586,444,586,444,625,441,625,439,626,439,678,441,680,444,680,444,692,423,692,423,680,421,678,418,678
423,702,444,702,444,727,445,728,448,728,448,754,423,754
