93,247,95,247,96,247,96,217,97,217,98,217,98,164,100,164,100,163,100,159,102,159,103,159,103,155,104,155,105,154,105,152,107,152,107,152,107,150,109,150,110,149,110,145,111,145,112,145,112,143,114,143,114,142,114,141,116,141,117,140,117,136,118,136,119,135,119,131,121,131,121,131,121,127,123,127,124,126,124,122,125,122,126,122,126,118,128,118,128,117,128,113,130,113,131,112,131,106,133,106,133,105,133,101,135,101,135,101,135,97,137,97,138,96,138,92,140,92,140,92,140,87,142,87,142,87,142,85,147,85,147,87,147,87,151,87,151,89,152,90,154,90,154,92,154,92,158,92,158,94,159,94,165,94,165,96,166,97,168,97,168,98,168,99,170,99,170,101,171,101,172,101,172,105,171,105,170,106,170,110,168,110,168,111,168,117,166,117,165,118,165,124,164,124,163,125,163,129,161,129,161,129,161,133,159,133,158,134,158,138,157,138,156,138,156,145,154,145,154,145,154,147,152,147,151,148,151,152,150,152,149,152,149,156,147,156,147,157,147,159,145,159,144,159,144,163,142,163,142,164,142,168,140,168,140,168,140,173,138,173,137,173,137,182,135,182,135,182,135,207,133,207,133,208,133,263,131,263,130,263,130,265,117,265,116,266,116,267,96,267,96,266,95,265,93,265
96,287,104,287,105,286,105,284,123,284,124,284,124,282,133,282,133,288,133,289,135,289,135,318,135,319,137,319,137,346,138,347,140,347,140,358,140,358,142,358,142,365,142,365,144,365,144,374,145,375,147,375,147,381,147,381,149,381,149,388,150,388,151,388,151,397,152,398,154,398,154,404,154,405,156,405,156,411,157,412,158,412,158,416,159,416,161,416,161,425,161,425,163,425,163,434,150,434,149,435,149,436,140,436,140,437,140,439,128,439,128,437,128,436,126,436,126,432,125,432,124,432,124,425,123,425,121,425,121,418,121,418,119,418,119,412,118,411,117,411,117,405,116,404,114,404,114,398,114,397,112,397,112,388,111,388,110,388,110,381,109,381,107,381,107,375,107,374,105,374,105,368,104,367,103,367,103,358,102,358,100,358,100,347,100,346,98,346,98,298,97,298,96,298
145,168,147,168,147,168,147,166,149,166,150,166,150,164,158,164,159,163,159,162,165,162,166,161,166,159,170,159,171,159,171,157,177,157,178,156,178,155,184,155,184,156,185,157,186,157,186,161,187,162,189,162,189,163,189,164,191,164,191,168,192,168,193,168,193,189,194,189,196,189,196,242,196,243,198,243,198,247,196,247,196,247,196,302,196,303,198,303,198,307,199,307,200,307,200,311,196,311,196,312,196,337,196,337,198,337,198,355,196,355,196,356,196,358,192,358,192,356,191,355,182,355,182,356,182,358,166,358,165,358,165,360,147,360,147,337,147,337,145,337
185,155,189,155,189,154,189,152,191,152,192,152,192,145,191,145,189,145,189,97,191,97,192,96,192,92,243,92,243,94,243,94,245,94,245,103,243,103,243,104,243,122,243,122,245,122,245,161,246,162,247,162,247,177,246,177,245,178,245,281,243,281,243,282,243,309,241,309,240,310,240,311,208,311,208,312,208,314,201,314,201,307,200,307,199,307,199,303,198,302,196,302,196,247,198,247,199,247,199,243,198,242,196,242,196,189,196,189,194,189,194,168,193,168,192,168,192,164,191,163,189,163,189,162,189,161,187,161,187,157,186,156,185,156
199,412,200,412,201,411,201,331,222,331,222,330,222,328,238,328,238,330,239,331,240,331,240,344,239,344,238,344,238,439,203,439,203,437,203,436,199,436
248,148,250,148,250,147,250,115,252,115,253,115,253,113,254,113,254,115,255,115,271,115,271,117,271,118,273,118,273,126,271,126,271,127,271,129,271,129,273,129,273,145,271,145,271,145,271,149,271,150,273,150,273,170,271,170,271,171,271,173,264,173,264,173,264,175,250,175,250,157,250,156,248,156
250,187,261,187,262,186,262,185,271,185,271,186,271,187,273,187,273,196,274,196,275,196,275,198,274,198,273,199,273,205,274,206,278,206,278,207,276,207,275,208,275,223,274,223,273,224,273,230,271,230,271,231,271,233,250,233
248,319,250,319,250,318,250,247,268,247,268,249,269,250,271,250,271,251,271,252,273,252,273,277,274,277,275,277,275,281,274,281,273,282,273,288,274,289,275,289,275,293,274,293,273,293,273,318,271,318,271,319,271,351,269,351,268,351,268,353,248,353
269,351,273,351,274,351,274,335,275,335,276,335,276,333,290,333,290,335,290,335,294,335,295,335,295,333,297,333,297,335,297,335,299,335,299,348,297,348,297,349,297,369,295,369,294,370,294,372,290,372,290,370,290,369,285,369,285,370,285,372,276,372,276,370,275,369,274,369,274,368,273,367,271,367,271,363,273,363,274,362,274,361,273,360,271,360,271,354,271,353,269,353
274,127,275,127,276,126,276,125,278,125,278,126,278,127,299,127,299,156,278,156,278,155,278,154,276,154,276,141,275,140,274,140
274,168,275,168,276,168,276,166,297,166,297,191,297,192,299,192,299,196,292,196,292,196,292,198,276,198,276,196,275,196,274,196
271,231,273,231,274,230,274,224,275,224,276,223,276,208,278,208,278,207,278,206,292,206,292,205,292,203,299,203,299,205,300,206,301,206,301,247,300,247,299,247,299,272,300,273,301,273,301,277,300,277,299,277,299,281,292,281,292,280,292,279,290,279,290,280,290,281,276,281,276,277,275,277,274,277,274,252,273,251,271,251,271,247,273,247,274,247,274,233,273,233,271,233
274,293,275,293,276,293,276,289,299,289,299,295,300,296,301,296,301,298,300,298,299,298,299,325,297,325,297,326,297,328,295,328,295,326,294,325,274,325
