32,224,34,224,34,224,34,211,35,211,36,210,36,206,37,206,37,205,37,199,39,199,39,199,39,192,46,192,46,194,46,194,51,194,51,199,50,199,49,199,49,204,48,204,47,204,47,209,46,209,46,209,46,216,44,216,44,216,44,232,44,233,46,233,46,238,32,238
34,240,46,240,46,251,43,251,42,251,42,253,34,253
36,257,39,257,39,256,39,255,44,255,44,254,44,253,47,253,47,256,48,257,49,257,49,260,50,260,51,260,51,263,51,263,53,263,53,268,53,268,54,268,54,271,55,272,56,272,56,275,56,275,58,275,58,276,58,277,59,277,59,280,60,280,61,280,61,282,62,282,63,282,63,283,63,284,65,284,65,285,65,285,66,285,66,287,67,287,68,287,68,288,69,289,70,289,70,292,70,292,72,292,72,293,72,294,73,294,73,295,74,295,75,295,75,297,75,297,77,297,77,300,75,300,75,301,75,302,74,302,73,302,73,303,72,303,72,304,72,305,67,305,67,304,66,303,65,303,65,301,65,300,63,300,63,299,63,298,62,298,62,297,61,297,60,297,60,295,59,295,58,295,58,294,58,293,56,293,56,292,56,292,55,292,55,290,54,290,53,290,53,289,53,288,51,288,51,287,51,287,50,287,50,284,49,283,48,283,48,282,47,282,46,282,46,277,46,276,44,276,44,273,44,273,43,273,43,270,42,270,41,270,41,267,40,266,39,266,39,263,39,263,37,263,37,260,37,260,36,260
44,182,46,182,46,182,46,177,47,177,48,177,48,174,49,174,50,173,50,172,51,172,51,172,51,169,53,169,53,168,53,167,54,167,55,167,55,165,56,165,56,165,56,164,58,164,58,163,58,162,59,162,60,161,60,160,61,160,62,160,62,158,63,158,63,158,63,155,65,155,65,155,65,153,66,153,67,153,67,152,70,152,70,153,70,153,72,153,72,155,72,155,73,155,73,156,74,157,75,157,75,158,75,158,77,158,77,160,75,160,75,160,75,163,74,163,73,164,73,165,72,165,72,165,72,167,70,167,70,167,70,170,69,170,68,170,68,172,67,172,66,172,66,173,65,173,65,174,65,175,63,175,63,175,63,177,62,177,61,177,61,178,60,178,59,179,59,182,58,182,58,182,58,185,56,185,56,186,56,187,55,187,54,187,54,190,53,190,53,191,53,192,50,192,50,191,49,190,48,190,48,189,47,188,44,188
77,164,92,164,92,165,93,165,99,165,99,214,98,214,97,214,97,244,96,244,96,245,96,246,91,246,91,245,90,244,87,244,87,245,87,246,81,246,81,245,80,244,79,244,79,226,78,226,77,226,77,213,78,213,79,212,79,202,78,202,77,202
77,253,97,253,97,265,98,265,99,265,99,285,98,285,97,285,97,293,77,293
101,165,103,165,103,165,103,164,113,164,113,165,113,165,120,165,120,216,117,216,117,214,116,214,115,214,115,214,115,216,101,216,101,208,103,208,103,207,103,179,103,178,101,178
103,219,120,219,120,293,119,293,119,292,118,292,112,292,111,292,111,293,106,293,106,284,106,283,105,283,105,255,104,254,103,254
124,172,125,172,125,172,125,153,127,153,127,153,127,145,139,145,139,146,139,147,141,147,141,167,141,167,142,167,142,168,141,168,141,169,141,224,139,224,139,224,139,226,125,226,125,208,125,207,124,207
125,230,135,230,135,231,136,231,139,231,139,248,139,248,141,248,141,253,139,253,139,253,139,254,125,254
125,263,127,263,127,263,127,260,141,260,141,273,139,273,139,273,139,298,139,299,141,299,141,309,136,309,135,309,135,310,129,310,129,309,128,309,127,309,127,302,127,302,125,302
143,167,154,167,154,168,155,169,156,169,156,195,155,195,155,194,154,194,143,194
143,202,144,202,144,202,144,197,156,197,156,205,155,205,154,206,154,207,155,208,156,208,156,224,143,224
143,228,156,228,156,256,156,257,158,257,158,273,156,273,156,273,156,276,156,277,159,277,159,278,156,278,156,279,156,280,156,280,158,280,158,287,144,287,144,262,144,261,143,261,143,258,144,258,144,258,144,253,144,253,143,253
158,201,159,201,160,200,160,180,173,180,173,183,172,183,172,184,172,202,172,202,173,202,173,204,172,204,172,204,172,205,160,205,160,204,159,204,158,204
158,214,159,214,160,214,160,209,173,209,173,210,174,211,175,211,175,212,174,212,173,213,173,227,174,228,175,228,175,229,174,229,173,230,173,234,172,234,172,235,172,278,160,278,160,277,159,276,158,276,158,251,159,251,160,251,160,216,159,216,158,216
174,230,175,230,175,229,175,226,182,226,182,227,182,228,187,228,187,229,188,230,189,230,189,231,189,231,191,231,191,234,189,234,189,235,189,239,188,239,187,240,187,265,188,265,189,265,189,266,188,266,187,267,187,268,188,268,189,268,189,275,175,275,175,267,175,266,174,266
175,184,184,184,184,183,184,182,187,182,187,212,188,213,189,213,189,216,189,216,191,216,191,219,188,219,187,219,187,222,177,222,177,211,177,210,175,210
189,241,191,241,191,241,191,240,203,240,203,243,203,243,204,243,204,256,203,256,203,257,203,258,200,258,200,257,199,256,194,256,194,257,194,258,193,258,193,257,192,256,191,256,191,251,191,251,189,251
189,214,191,214,191,214,191,202,204,202,204,231,203,231,203,231,203,232,194,232,194,233,194,234,191,234,191,231,191,231,189,231,189,219,191,219,191,219,191,216,191,216,189,216
201,179,203,179,203,178,203,177,211,177,211,178,212,179,213,179,213,180,213,180,215,180,215,182,215,182,216,182,216,185,217,186,218,186,218,187,219,187,220,187,220,190,220,191,222,191,222,195,222,196,223,196,223,202,224,202,225,202,225,204,224,204,223,204,223,205,215,205,215,206,215,207,212,207,212,202,211,202,210,202,210,196,210,195,208,195,208,192,208,192,207,192,207,189,206,188,205,188,205,187,204,187,203,187,203,184,203,183,201,183
203,272,204,272,205,271,205,267,206,267,207,266,207,263,208,263,208,263,208,258,210,258,210,258,210,251,211,251,212,251,212,246,213,246,213,246,213,243,216,243,216,244,217,245,225,245,225,253,224,253,223,253,223,260,222,260,222,260,222,266,220,266,220,267,220,270,219,270,218,270,218,271,217,271,216,272,216,273,215,273,215,273,215,276,213,276,213,277,213,280,208,280,208,279,208,278,207,278,207,277,206,276,203,276
213,209,222,209,222,209,222,208,225,208,225,210,225,211,227,211,227,221,219,221,218,221,218,222,217,222,217,221,216,221,215,221,215,216,215,216,213,216
215,224,227,224,227,227,225,227,225,228,225,241,217,241,217,240,216,239,215,239
