66,557,69,557,70,555,70,440,74,440,75,438,75,411,79,411,80,410,80,388,83,388,85,387,85,355,88,355,89,354,89,351,93,351,93,354,94,355,121,355,121,359,123,360,150,360,150,377,146,377,145,379,145,406,141,406,140,407,140,438,137,438,136,440,136,466,132,466,131,468,131,569,118,569,118,566,117,565,66,565
70,777,131,777,131,780,132,781,136,781,136,827,137,828,140,828,140,883,141,884,145,884,145,906,146,908,150,908,150,935,151,936,154,936,154,949,151,949,150,950,150,953,127,953,126,954,126,958,89,958,89,936,88,935,85,935,85,912,83,911,80,911,80,884,79,883,75,883,75,833,74,832,70,832
94,299,98,299,99,298,99,280,102,280,104,279,104,257,107,257,108,256,108,243,112,243,113,242,113,224,117,224,118,223,118,205,121,205,123,204,123,182,126,182,127,181,127,168,131,168,132,167,132,154,136,154,137,153,137,145,140,145,141,143,141,135,145,135,146,134,146,121,150,121,151,120,151,112,154,112,156,111,156,98,159,98,160,97,160,88,164,88,165,87,165,74,169,74,170,73,170,60,173,60,175,59,175,46,178,46,179,45,179,32,188,32,188,36,189,37,197,37,197,40,198,42,206,42,206,45,208,46,216,46,216,50,217,51,235,51,235,55,236,56,240,56,240,69,236,69,235,70,235,78,231,78,230,79,230,92,227,92,225,93,225,106,222,106,221,107,221,115,217,115,216,117,216,129,212,129,211,131,211,139,208,139,206,140,206,153,203,153,202,154,202,172,198,172,197,173,197,186,193,186,192,187,192,204,189,204,188,205,188,218,184,218,183,220,183,237,179,237,178,238,178,256,175,256,173,257,173,275,170,275,169,276,169,293,165,293,164,294,164,312,160,312,159,313,159,335,156,335,154,337,154,340,137,340,137,337,136,335,113,335,113,332,112,331,94,331
94,992,98,992,99,991,99,987,117,987,118,986,118,982,131,982,132,981,132,978,145,978,146,977,146,973,159,973,159,991,160,992,164,992,164,1014,165,1015,169,1015,169,1037,170,1039,173,1039,173,1056,175,1057,178,1057,178,1075,179,1076,183,1076,183,1094,184,1095,188,1095,188,1112,189,1114,192,1114,192,1126,193,1128,197,1128,197,1140,198,1142,202,1142,202,1150,203,1151,206,1151,206,1164,208,1165,211,1165,211,1173,212,1174,216,1174,216,1183,217,1184,221,1184,221,1197,222,1198,225,1198,225,1211,227,1212,230,1212,230,1220,231,1221,235,1221,235,1234,236,1235,240,1235,240,1248,241,1249,244,1249,244,1267,222,1267,221,1268,221,1272,203,1272,202,1273,202,1276,184,1276,184,1268,183,1267,179,1267,179,1254,178,1253,175,1253,175,1240,173,1239,170,1239,170,1231,169,1229,165,1229,165,1217,164,1215,160,1215,160,1207,159,1206,156,1206,156,1198,154,1197,151,1197,151,1184,150,1183,146,1183,146,1170,145,1169,141,1169,141,1160,140,1159,137,1159,137,1146,136,1145,132,1145,132,1128,131,1126,127,1126,127,1114,126,1112,123,1112,123,1095,121,1094,118,1094,118,1076,117,1075,113,1075,113,1053,112,1052,108,1052,108,1034,107,1033,104,1033,104,1015,102,1014,99,1014,99,997,98,995,94,995
241,159,268,159,268,237,264,237,263,238,263,242,246,242,244,243,244,246,241,246
241,248,263,248,264,246,264,243,268,243,268,246,269,248,273,248,273,298,269,298,268,299,268,303,269,304,273,304,273,340,269,340,268,341,268,345,241,345
241,365,273,365,273,541,246,541,246,374,244,373,241,373
241,552,268,552,268,555,269,557,273,557,273,700,246,700,246,692,244,691,241,691,241,650,244,650,246,649,246,566,244,565,241,565
246,706,273,706,273,757,269,757,268,758,268,761,246,761
246,777,273,777,273,794,274,795,277,795,277,874,274,874,273,875,273,897,246,897
246,912,254,912,254,916,255,917,273,917,273,920,274,922,277,922,277,1075,255,1075,255,1071,254,1070,246,1070,246,1067,249,1067,250,1066,250,950,249,949,246,949
250,1081,277,1081,277,1169,264,1169,263,1170,263,1173,255,1173,255,1170,254,1169,250,1169
