0,351,2,351,2,354,3,354,5,354,5,363,6,364,9,364,9,366,9,367,12,367,12,373,13,374,15,374,15,379,16,380,19,380,19,389,19,390,22,390,22,392,19,392,19,393,19,395,9,395,9,396,9,399,0,399
23,432,29,432,29,431,29,429,45,429,45,431,46,432,49,432,49,434,49,435,52,435,52,441,53,441,55,441,55,447,56,448,59,448,59,454,59,454,62,454,62,460,63,461,65,461,65,466,66,467,69,467,69,473,69,474,72,474,72,479,69,479,69,480,69,483,49,483,49,480,49,479,46,479,46,474,45,473,43,473,43,467,42,466,39,466,39,458,39,457,36,457,36,451,35,450,33,450,33,448,32,447,29,447,29,445,29,444,26,444,26,438,25,437,23,437
69,503,79,503,79,502,79,499,89,499,89,505,89,506,92,506,92,512,93,512,95,512,95,518,96,519,99,519,99,521,99,522,102,522,102,528,103,529,105,529,105,531,106,532,109,532,109,541,103,541,102,541,102,544,93,544,93,541,92,541,89,541,89,538,89,537,86,537,86,532,85,531,83,531,83,529,82,528,79,528,79,522,79,521,76,521,76,516,75,515,73,515,73,512,72,512,69,512
99,558,102,558,103,557,103,554,125,554,125,560,126,561,129,561,129,570,129,570,132,570,132,576,133,577,135,577,135,579,136,580,139,580,139,586,139,587,142,587,142,589,139,589,139,590,139,592,119,592,119,587,119,586,116,586,116,580,115,579,113,579,113,577,112,576,109,576,109,570,109,570,106,570,106,564,105,563,103,563,103,561,102,560,99,560
119,154,125,154,126,154,126,151,135,151,135,154,136,154,139,154,139,163,139,164,142,164,142,173,143,174,145,174,145,189,146,190,149,190,149,202,129,202,129,190,129,189,126,189,126,174,125,173,123,173,123,167,122,166,119,166
183,132,202,132,202,144,203,145,205,145,205,163,206,164,209,164,209,176,209,177,212,177,212,192,213,193,215,193,215,205,206,205,205,206,205,208,199,208,199,206,199,205,196,205,196,190,195,189,193,189,193,174,192,173,189,173,189,161,189,160,186,160,186,145,185,144,183,144
289,419,292,419,293,418,293,400,295,400,296,399,296,383,302,383,302,386,303,387,312,387,312,389,313,390,318,390,318,399,316,399,315,400,315,408,313,408,312,409,312,437,309,437,308,438,308,441,289,441
286,454,288,454,289,454,289,451,295,451,296,450,296,448,312,448,312,460,313,461,315,461,315,476,316,477,318,477,318,489,319,490,322,490,322,495,323,496,325,496,325,502,326,503,328,503,328,505,329,506,332,506,332,512,333,512,335,512,335,518,329,518,328,519,328,521,323,521,322,522,322,525,319,525,319,522,318,521,316,521,316,516,315,515,313,515,313,512,312,512,309,512,309,506,308,505,306,505,306,503,305,502,303,502,303,499,302,499,299,499,299,493,298,492,296,492,296,480,295,479,293,479,293,467,292,466,289,466,289,458,288,457,286,457
306,374,308,374,309,373,309,370,312,370,313,370,313,367,315,367,316,366,316,361,318,361,319,360,319,354,322,354,323,354,323,348,325,348,326,347,326,341,328,341,329,341,329,338,332,338,333,337,333,335,335,335,336,334,336,332,338,332,339,331,339,329,342,329,343,328,343,325,345,325,346,325,346,322,352,322,353,321,353,319,355,319,356,318,356,316,358,316,359,315,359,312,362,312,363,312,363,309,368,309,368,312,369,312,372,312,372,318,373,319,375,319,375,321,376,322,378,322,378,328,376,328,375,329,375,331,373,331,372,332,372,334,369,334,368,335,368,337,366,337,365,338,365,341,359,341,358,341,358,344,356,344,355,345,355,347,349,347,348,348,348,350,346,350,345,351,345,357,343,357,342,358,342,360,339,360,338,361,338,366,336,366,335,367,335,373,333,373,332,374,332,379,329,379,328,380,328,386,319,386,319,383,318,383,313,383,313,380,312,379,309,379,309,377,308,376,306,376
323,532,325,532,326,531,326,529,332,529,333,528,333,525,338,525,338,528,339,529,342,529,342,531,343,532,345,532,345,534,346,535,352,535,352,537,353,538,355,538,355,541,356,541,362,541,362,544,363,545,365,545,365,547,366,548,372,548,372,550,373,551,375,551,375,557,373,557,372,558,372,560,369,560,368,561,368,563,366,563,365,564,365,566,363,566,363,564,362,563,359,563,359,561,358,560,356,560,356,558,355,557,353,557,353,554,352,554,349,554,349,551,348,550,346,550,346,548,345,547,339,547,339,545,338,544,336,544,336,541,335,541,329,541,329,538,328,537,326,537,326,535,325,534,323,534
413,554,415,554,416,554,416,548,418,548,419,547,419,545,425,545,426,544,426,541,428,541,429,541,429,538,432,538,433,537,433,532,435,532,436,531,436,529,438,529,439,528,439,525,448,525,448,528,449,529,455,529,455,531,456,532,458,532,458,534,459,535,462,535,462,537,459,537,458,538,458,541,456,541,455,541,455,544,453,544,452,545,452,547,449,547,448,548,448,550,446,550,445,551,445,554,439,554,438,554,438,557,436,557,435,558,435,560,429,560,428,561,428,563,416,563,416,558,415,557,413,557
423,319,425,319,426,318,426,316,428,316,429,315,429,312,438,312,438,315,439,316,442,316,442,318,443,319,448,319,448,321,449,322,455,322,455,325,456,325,458,325,458,328,459,329,462,329,462,331,463,332,465,332,465,334,466,335,468,335,468,341,469,341,475,341,475,354,473,354,472,354,472,357,469,357,468,358,468,360,466,360,465,361,465,363,456,363,456,361,455,360,453,360,453,358,452,357,449,357,449,354,448,354,446,354,446,348,445,347,443,347,443,345,442,344,439,344,439,341,438,341,433,341,433,338,432,337,429,337,429,335,428,334,423,334
453,519,455,519,456,518,456,512,458,512,459,512,459,506,462,506,463,505,463,493,465,493,466,492,466,477,468,477,469,476,469,470,472,470,472,473,473,474,482,474,482,476,483,477,492,477,492,486,489,486,488,487,488,495,486,495,485,496,485,505,483,505,482,506,482,512,479,512,478,512,478,518,476,518,475,519,475,521,473,521,472,522,472,528,469,528,468,529,468,531,466,531,466,529,465,528,459,528,459,525,458,525,453,525
466,367,472,367,473,366,473,364,478,364,479,363,479,361,482,361,482,363,483,364,485,364,485,373,486,374,488,374,488,379,489,380,492,380,492,383,489,383,488,383,488,386,476,386,475,387,475,389,469,389,469,377,468,376,466,376
469,393,482,393,483,392,483,390,492,390,492,395,493,396,495,396,495,408,496,409,498,409,498,457,496,457,495,458,495,470,489,470,489,467,488,466,473,466,473,454,475,454,476,454,476,419,475,418,473,418,473,406,472,405,469,405
506,683,518,683,519,683,519,680,525,680,525,754,526,754,528,754,528,786,526,786,525,787,525,795,506,795,506,780,508,780,509,779,509,754,508,754,506,754
