137,58,141,58,141,61,142,63,167,63,168,61,168,58,176,58,176,61,177,63,185,63,185,70,186,72,190,72,190,75,191,76,194,76,194,84,195,85,198,85,198,97,200,99,203,99,203,106,204,108,207,108,207,115,208,117,212,117,212,129,213,130,216,130,216,147,217,148,221,148,221,183,222,184,225,184,225,232,226,234,230,234,230,273,226,273,225,274,225,277,182,277,182,238,181,237,177,237,177,175,176,174,173,174,173,153,172,151,168,151,168,139,167,138,164,138,164,126,163,124,160,124,160,117,158,115,155,115,155,108,154,106,151,106,151,99,150,97,146,97,146,90,145,88,142,88,142,76,141,75,137,75
386,265,394,265,395,264,395,261,398,261,400,259,400,256,403,256,404,255,404,252,412,252,413,250,413,247,421,247,422,246,422,243,425,243,426,241,426,238,434,238,434,246,435,247,443,247,443,255,440,255,438,256,438,259,435,259,434,261,434,264,426,264,425,265,425,268,422,268,421,270,421,273,413,273,412,274,412,277,408,277,407,279,407,282,395,282,395,279,394,277,391,277,391,274,390,273,386,273
435,234,438,234,440,232,440,229,447,229,448,228,448,225,456,225,457,223,457,220,461,220,462,219,462,216,470,216,471,214,471,211,478,211,478,214,480,216,483,216,483,219,484,220,487,220,487,223,484,223,483,225,483,228,480,228,478,229,478,232,471,232,470,234,470,237,462,237,461,238,461,241,457,241,456,243,456,246,444,246,444,243,443,241,435,241
448,283,456,283,457,282,457,279,474,279,475,277,475,274,487,274,488,273,488,270,496,270,496,273,497,274,501,274,501,277,502,279,505,279,505,286,506,288,510,288,510,300,511,301,514,301,514,313,515,315,518,315,518,327,520,328,523,328,523,340,524,342,527,342,527,349,528,351,532,351,532,367,533,369,536,369,536,394,537,396,541,396,541,412,542,414,545,414,545,421,542,421,541,423,541,448,542,450,545,450,545,457,542,457,541,459,541,466,537,466,536,468,536,489,533,489,532,490,532,502,528,502,527,504,527,516,524,516,523,517,523,525,520,525,518,526,518,538,515,538,514,540,514,547,511,547,510,549,510,561,506,561,505,562,505,570,502,570,501,571,501,579,471,579,471,576,470,574,457,574,457,567,461,567,462,565,462,558,465,558,466,556,466,544,470,544,471,543,471,531,474,531,475,529,475,517,478,517,480,516,480,499,483,499,484,498,484,481,487,481,488,480,488,463,492,463,493,462,493,396,492,394,488,394,488,378,487,376,484,376,484,364,483,363,480,363,480,355,478,354,475,354,475,342,474,340,471,340,471,333,470,331,466,331,466,319,465,318,462,318,462,310,461,309,457,309,457,301,456,300,453,300,453,288,452,286,448,286
484,202,492,202,493,201,493,198,496,198,497,196,497,193,501,193,502,192,502,189,505,189,506,187,506,184,514,184,515,183,515,180,523,180,524,178,524,175,532,175,533,174,533,171,541,171,542,169,542,166,563,166,563,178,560,178,558,180,558,183,555,183,554,184,554,187,542,187,541,189,541,192,533,192,532,193,532,196,528,196,527,198,527,201,520,201,518,202,518,205,511,205,510,207,510,210,506,210,505,211,505,214,497,214,496,216,496,219,493,219,493,216,492,214,484,214
511,567,514,567,515,565,515,562,518,562,520,561,520,549,523,549,524,547,524,535,527,535,528,534,528,522,532,522,533,520,533,504,536,504,537,502,537,490,541,490,542,489,542,459,545,459,546,457,546,414,545,412,542,412,542,382,545,382,546,381,546,378,550,378,550,381,551,382,567,382,567,385,568,387,581,387,581,412,582,414,585,414,585,426,586,427,590,427,590,466,586,466,585,468,585,489,582,489,581,490,581,502,577,502,576,504,576,516,573,516,572,517,572,529,568,529,567,531,567,538,564,538,563,540,563,552,560,552,558,553,558,561,555,561,554,562,554,570,551,570,550,571,550,579,546,579,545,580,545,583,528,583,528,580,527,579,511,579
537,319,541,319,542,318,542,315,550,315,551,313,551,310,558,310,560,309,560,306,594,306,595,304,595,301,598,301,598,304,600,306,607,306,607,313,608,315,612,315,612,318,608,318,607,319,607,331,608,333,612,333,612,345,608,345,607,346,607,349,604,349,603,351,603,354,600,354,598,355,598,358,595,358,594,360,594,363,555,363,555,360,554,358,542,358,542,337,541,336,537,336
591,162,594,162,595,160,595,157,598,157,600,156,600,153,616,153,616,156,617,157,625,157,625,160,626,162,630,162,630,165,631,166,634,166,634,169,635,171,643,171,643,174,644,175,652,175,652,178,653,180,656,180,656,187,653,187,652,189,652,192,631,192,631,189,630,187,626,187,626,184,625,183,622,183,622,180,621,178,608,178,608,175,607,174,600,174,600,171,598,169,595,169,595,166,594,165,591,165
600,220,603,220,604,219,604,216,607,216,608,214,608,211,616,211,617,210,617,207,625,207,625,210,626,211,630,211,630,219,631,220,634,220,634,223,635,225,638,225,638,232,640,234,643,234,643,241,644,243,647,243,647,246,648,247,652,247,652,255,653,256,656,256,656,264,657,265,661,265,661,268,662,270,665,270,665,277,666,279,670,279,670,282,671,283,674,283,674,291,675,292,678,292,678,300,680,301,683,301,683,313,684,315,687,315,687,327,688,328,692,328,692,349,693,351,696,351,696,376,684,376,683,378,683,381,680,381,678,382,678,385,671,385,670,387,670,390,657,390,657,355,656,354,653,354,653,337,652,336,648,336,648,328,647,327,644,327,644,324,643,322,640,322,640,315,638,313,635,313,635,306,634,304,631,304,631,297,630,295,626,295,626,292,625,291,622,291,622,283,621,282,617,282,617,279,616,277,613,277,613,265,612,264,608,264,608,252,607,250,604,250,604,238,603,237,600,237
604,598,607,598,608,597,608,589,612,589,613,588,613,580,616,580,617,579,617,571,621,571,622,570,622,562,625,562,626,561,626,549,630,549,631,547,631,535,634,535,635,534,635,526,643,526,644,525,644,522,656,522,656,525,657,526,661,526,661,529,662,531,670,531,670,534,671,535,683,535,683,543,680,543,678,544,678,556,675,556,674,558,674,570,671,570,670,571,670,583,666,583,665,585,665,592,662,592,661,594,661,601,657,601,656,603,656,610,653,610,652,612,652,615,604,615
653,198,656,198,657,196,657,193,661,193,662,192,662,189,665,189,665,192,666,193,670,193,670,196,671,198,674,198,674,201,675,202,678,202,678,205,680,207,683,207,683,214,684,216,687,216,687,219,688,220,692,220,692,228,684,228,683,229,683,232,675,232,675,229,674,228,671,228,671,225,670,223,666,223,666,220,665,219,662,219,662,211,661,210,657,210,657,207,656,205,653,205
648,499,652,499,653,498,653,436,656,436,657,435,657,409,661,409,662,408,662,405,670,405,671,403,671,400,683,400,684,399,684,396,692,396,693,394,693,391,696,391,696,394,697,396,701,396,701,399,702,400,705,400,705,444,702,444,701,445,701,480,697,480,696,481,696,502,693,502,692,504,692,525,671,525,670,526,670,529,662,529,662,526,661,525,657,525,657,522,656,520,648,520
684,603,687,603,688,601,688,598,692,598,693,597,693,589,696,589,697,588,697,580,701,580,702,579,702,576,705,576,706,574,706,567,710,567,711,565,711,558,714,558,715,556,715,544,718,544,720,543,720,535,723,535,724,534,724,522,727,522,728,520,728,504,741,504,741,520,737,520,736,522,736,538,733,538,732,540,732,552,728,552,727,553,727,565,724,565,723,567,723,574,720,574,718,576,718,583,715,583,714,585,714,592,711,592,710,594,710,597,706,597,705,598,705,606,702,606,701,607,701,615,684,615
693,247,701,247,702,246,702,243,705,243,705,246,706,247,710,247,710,250,711,252,714,252,714,259,715,261,718,261,718,268,720,270,723,270,723,277,724,279,727,279,727,291,728,292,732,292,732,304,733,306,736,306,736,322,737,324,741,324,741,336,737,336,737,333,736,331,733,331,732,333,732,336,728,336,728,333,727,331,724,331,724,315,723,313,720,313,720,306,718,304,715,304,715,292,714,291,711,291,711,283,710,282,706,282,706,274,705,273,702,273,702,265,701,264,697,264,697,256,696,255,693,255
733,373,750,373,750,403,737,403,737,382,736,381,733,381
