50,192,52,192,52,192,52,181,53,181,54,181,54,177,65,177,65,181,63,181,63,181,63,186,61,186,61,187,61,199,60,199,59,200,59,205,50,205
50,207,59,207,59,212,60,212,61,212,61,227,61,227,63,227,63,238,63,238,65,238,65,243,65,244,67,244,67,249,61,249,61,250,61,251,58,251,58,250,57,249,56,249,56,242,55,242,54,242,54,233,53,232,52,232,52,222,52,221,50,221
56,168,57,168,58,168,58,164,59,164,60,164,60,159,61,159,61,158,61,155,63,155,63,155,63,150,65,150,65,149,65,146,67,146,67,145,67,142,68,142,69,142,69,140,70,140,71,140,71,137,72,137,73,136,73,135,74,135,75,134,75,133,76,133,76,132,76,131,78,131,78,131,78,129,80,129,80,129,80,127,82,127,82,127,82,125,83,125,84,125,84,124,85,124,86,123,86,122,87,122,88,121,88,120,89,120,90,119,90,118,91,118,91,118,91,116,93,116,93,116,93,114,95,114,95,114,95,112,98,112,98,114,99,114,100,114,100,116,101,116,102,116,102,118,103,118,104,118,104,121,101,121,100,122,100,123,99,123,98,124,98,125,97,125,97,125,97,129,95,129,95,129,95,131,93,131,93,131,93,132,91,132,91,133,91,134,90,134,89,135,89,136,88,136,87,137,87,138,86,138,85,138,85,140,84,140,83,140,83,142,82,142,82,142,82,143,80,143,80,144,80,145,78,145,78,146,78,147,76,147,76,148,76,151,75,151,74,151,74,156,73,156,72,157,72,160,71,160,70,161,70,164,69,164,68,164,68,168,67,168,67,168,67,173,65,173,65,174,65,175,60,175,60,174,59,173,56,173
69,272,70,272,71,271,71,270,72,270,73,269,73,268,74,268,75,268,75,266,78,266,78,269,78,270,80,270,80,271,80,272,82,272,82,275,82,275,83,275,83,277,84,277,85,277,85,279,86,279,87,279,87,281,88,281,91,281,91,282,91,283,93,283,93,286,93,287,95,287,95,288,95,288,97,288,97,290,97,290,98,290,98,292,99,292,102,292,102,293,103,294,104,294,104,295,105,296,106,296,106,297,106,298,110,298,110,299,110,300,113,300,113,301,114,301,115,301,115,303,116,303,121,303,121,305,121,305,125,305,125,306,125,307,130,307,130,308,131,309,134,309,134,310,135,311,142,311,142,312,142,312,145,312,145,314,146,314,147,314,147,318,146,318,145,318,145,323,138,323,138,322,138,321,127,321,127,320,127,319,121,319,121,318,121,318,116,318,116,316,115,316,110,316,110,314,110,314,108,314,108,312,108,312,103,312,103,311,102,310,101,310,101,309,100,308,99,308,99,307,98,306,95,306,95,305,95,305,93,305,93,303,93,303,91,303,91,301,91,301,90,301,90,300,89,299,88,299,88,298,87,297,86,297,86,296,85,295,84,295,84,294,83,293,82,293,82,292,82,292,80,292,80,288,80,288,78,288,78,287,78,286,76,286,76,283,76,282,75,282,75,281,74,281,73,281,73,279,72,279,71,279,71,275,70,275,69,275
71,198,72,198,73,197,73,172,74,172,75,171,75,170,76,170,76,169,76,168,93,168,93,171,93,172,95,172,95,175,95,175,97,175,97,205,95,205,95,205,95,219,93,219,93,220,93,223,91,223,91,224,91,225,90,225,89,225,89,227,73,227,73,225,72,225,71,225
88,244,89,244,90,243,90,225,91,225,91,225,91,224,93,224,93,223,93,220,95,220,95,219,95,205,97,205,97,205,97,175,97,175,95,175,95,172,95,171,93,171,93,168,93,168,91,168,91,151,91,151,90,151,90,140,125,140,125,143,125,144,127,144,127,182,125,182,125,183,125,199,123,199,123,200,123,271,123,272,125,272,125,277,123,277,123,277,123,279,120,279,119,279,119,281,101,281,100,281,100,282,95,282,95,281,95,281,93,281,93,279,93,279,91,279,91,275,91,275,90,275,90,270,89,269,88,269
103,105,106,105,106,105,106,103,112,103,112,103,112,101,115,101,116,101,116,100,119,100,120,99,120,98,123,98,123,97,123,96,127,96,127,95,127,94,134,94,135,93,135,92,143,92,144,92,144,90,151,90,151,93,151,94,153,94,153,101,151,101,151,101,151,103,140,103,140,103,140,105,133,105,132,105,132,106,127,106,127,107,127,108,123,108,123,109,123,110,120,110,119,111,119,112,116,112,115,112,115,114,114,114,113,114,113,116,106,116,106,112,106,112,105,112,105,111,104,110,103,110
125,207,127,207,127,206,127,194,145,194,145,195,146,196,147,196,147,216,146,216,145,216,145,218,127,218,127,216,127,216,125,216
155,314,157,314,157,314,157,312,158,312,159,312,159,311,168,311,168,310,168,309,173,309,174,308,174,307,177,307,178,306,178,305,181,305,181,305,181,303,185,303,185,303,185,301,188,301,189,301,189,300,192,300,193,299,193,298,202,298,202,301,202,301,203,301,203,303,204,303,205,303,205,305,206,305,207,305,207,308,206,308,205,309,205,310,204,310,203,311,203,312,200,312,200,312,200,314,196,314,196,314,196,316,191,316,190,316,190,318,187,318,187,318,187,319,181,319,181,320,181,321,176,321,175,322,175,323,166,323,166,324,166,325,157,325,157,324,157,323,155,323
159,98,160,98,161,97,161,94,162,94,163,93,163,92,164,92,165,92,165,90,168,90,168,92,168,92,173,92,173,93,174,94,181,94,181,95,181,96,187,96,187,97,187,98,190,98,190,99,191,100,194,100,194,101,195,101,200,101,200,103,200,103,203,103,203,105,204,105,207,105,207,106,208,107,209,107,209,108,210,109,213,109,213,110,213,111,217,111,217,112,217,112,218,112,218,114,219,114,222,114,222,116,223,116,224,116,224,118,225,118,226,118,226,119,226,120,228,120,228,121,228,122,230,122,230,125,230,125,232,125,232,127,232,127,233,127,233,131,234,131,235,131,235,132,236,133,237,133,237,136,238,137,239,137,239,140,238,140,237,140,237,142,234,142,233,142,233,143,232,143,232,144,232,145,228,145,228,144,228,143,226,143,226,142,226,142,225,142,225,138,224,138,223,138,223,137,222,136,221,136,221,135,220,134,219,134,219,133,218,132,217,132,217,131,217,131,215,131,215,129,215,129,213,129,213,127,213,127,211,127,211,125,211,125,210,125,210,124,209,123,208,123,208,122,207,121,204,121,204,120,203,119,202,119,202,118,202,118,200,118,200,116,200,116,198,116,198,114,198,114,195,114,195,112,194,112,191,112,191,111,190,110,187,110,187,109,187,108,181,108,181,107,181,106,174,106,174,105,173,105,163,105,163,103,162,103,159,103
178,283,179,283,180,282,180,277,181,277,181,277,181,275,183,275,183,275,183,274,185,274,185,273,185,270,187,270,187,269,187,268,188,268,189,268,189,266,190,266,191,266,191,264,194,264,195,264,195,262,196,262,196,262,196,261,198,261,198,260,198,259,200,259,200,258,200,257,202,257,202,256,202,255,203,255,204,255,204,251,205,251,206,251,206,244,207,244,208,243,208,238,209,238,210,238,210,235,211,235,211,234,211,231,213,231,213,231,213,229,215,229,215,231,215,231,220,231,220,232,221,233,226,233,226,234,226,235,230,235,230,236,230,237,233,237,233,243,232,243,232,244,232,247,230,247,230,248,230,255,228,255,228,255,228,260,226,260,226,261,226,264,225,264,224,264,224,268,223,268,222,268,222,271,221,271,220,272,220,273,219,273,218,274,218,275,215,275,215,275,215,279,213,279,213,279,213,281,211,281,211,281,211,282,208,282,207,283,207,284,206,284,205,285,205,288,204,288,203,288,203,290,202,290,202,290,202,292,200,292,200,292,200,293,189,293,189,292,188,292,185,292,185,290,185,290,183,290,183,288,183,288,181,288,181,287,181,286,180,286,180,285,179,284,178,284
185,129,188,129,189,129,189,127,190,127,191,127,191,125,194,125,195,125,195,124,207,124,207,131,208,131,209,131,209,134,210,135,211,135,211,136,211,137,213,137,213,138,213,138,215,138,215,140,215,140,217,140,217,142,217,142,218,142,218,143,219,144,220,144,220,145,221,146,222,146,222,147,223,148,224,148,224,149,225,150,226,150,226,153,226,153,228,153,228,155,228,155,230,155,230,162,230,162,232,162,232,168,232,168,233,168,233,173,234,174,235,174,235,179,236,179,237,179,237,184,238,185,239,185,239,214,238,214,237,214,237,229,234,229,234,227,233,227,223,227,223,225,222,225,219,225,219,224,218,223,215,223,215,222,215,221,213,221,213,214,213,214,211,214,211,209,213,209,213,208,213,205,215,205,215,205,215,196,215,195,213,195,213,187,213,186,211,186,211,179,211,179,210,179,210,172,209,171,208,171,208,170,207,169,204,169,204,166,203,166,202,166,202,162,202,162,200,162,200,161,200,160,198,160,198,157,198,156,196,156,196,155,196,155,195,155,195,153,194,153,193,153,193,151,192,151,191,151,191,150,190,149,189,149,189,146,188,145,187,145,187,142,187,142,185,142
202,294,203,294,204,293,204,292,205,292,206,292,206,290,209,290,210,290,210,288,211,288,211,288,211,287,213,287,213,286,213,283,215,283,215,282,215,281,217,281,217,281,217,279,218,279,219,279,219,277,220,277,221,277,221,275,222,275,223,275,223,272,224,272,225,271,225,270,226,270,226,269,226,268,228,268,228,268,228,266,230,266,230,266,230,262,232,262,232,262,232,259,233,259,234,258,234,257,235,257,236,256,236,251,237,251,238,251,238,248,239,248,240,247,240,242,241,242,241,242,241,237,243,237,243,236,243,235,245,235,245,236,245,237,254,237,254,238,255,238,256,238,256,243,255,243,254,244,254,247,253,247,252,248,252,251,251,251,250,251,250,255,249,255,248,255,248,258,247,258,247,259,247,264,245,264,245,264,245,268,243,268,243,268,243,271,241,271,241,272,241,275,240,275,239,275,239,277,238,277,237,277,237,281,236,281,235,281,235,284,234,284,233,285,233,286,232,286,232,287,232,288,230,288,230,288,230,292,228,292,228,292,228,293,225,293,224,294,224,295,223,295,222,296,222,297,219,297,218,298,218,299,217,299,217,300,217,301,215,301,215,301,215,303,213,303,213,303,213,305,208,305,208,301,207,301,206,301,206,300,205,299,204,299,204,298,203,297,202,297
232,146,237,146,238,145,238,144,243,144,243,147,243,148,245,148,245,149,245,150,247,150,247,155,245,155,245,155,245,156,243,156,243,157,243,158,240,158,239,159,239,160,238,160,238,159,237,158,236,158,236,157,235,156,234,156,234,153,233,153,232,153
238,162,239,162,240,162,240,161,245,161,245,160,245,159,252,159,252,160,253,161,254,161,254,169,255,170,256,170,256,177,256,177,258,177,258,188,258,188,260,188,260,216,258,216,258,216,258,232,251,232,251,231,250,231,243,231,243,224,245,224,245,223,245,205,247,205,247,205,247,198,247,197,245,197,245,187,245,186,243,186,243,181,243,181,241,181,241,172,241,171,240,171,240,164,239,164,238,164
