0,109,1,109,1,111,2,112,6,112,6,145,2,145,1,145,1,147,0,147
33,233,35,233,35,232,35,226,46,226,46,228,46,228,48,228,48,250,46,250,46,251,46,252,33,252
31,269,32,269,32,270,33,271,48,271,48,304,48,305,50,305,50,347,51,347,52,347,52,351,53,352,55,352,55,353,55,354,57,354,57,358,33,358,33,296,32,295,31,295
82,305,83,305,84,304,84,302,99,302,99,315,100,316,101,316,101,347,102,347,103,347,103,356,102,356,101,356,101,358,100,358,100,356,99,356,86,356,86,354,86,353,84,353,84,307,83,306,82,306
120,98,121,98,122,98,122,96,123,96,124,95,124,94,135,94,135,118,133,118,132,118,132,120,120,120
120,307,121,307,122,306,122,305,123,305,124,304,124,302,128,302,128,302,128,300,132,300,132,302,133,302,135,302,135,304,135,305,137,305,137,313,137,314,139,314,139,358,122,358,122,309,121,309,120,309
255,159,257,159,257,158,257,145,259,145,260,145,260,136,261,136,262,136,262,132,263,132,264,131,264,127,266,127,266,127,266,123,268,123,268,122,268,118,270,118,271,118,271,112,272,112,273,111,273,109,277,109,277,111,277,112,279,112,279,113,280,114,283,114,283,116,284,116,288,116,288,120,286,120,286,121,286,125,284,125,283,125,283,129,282,129,281,130,281,134,280,134,279,134,279,136,277,136,277,136,277,143,275,143,275,143,275,147,273,147,272,148,272,158,271,158,270,159,270,174,268,174,268,175,268,176,266,176,266,177,266,178,264,178,264,177,263,176,255,176
280,100,281,100,282,100,282,98,283,98,284,98,284,96,286,96,286,95,286,91,288,91,288,91,288,87,290,87,291,86,291,85,292,85,293,84,293,83,295,83,295,82,295,80,297,80,297,80,297,78,301,78,302,77,302,76,303,76,304,75,304,74,306,74,306,73,306,71,308,71,308,71,308,69,310,69,311,68,311,67,315,67,315,68,315,69,317,69,317,71,317,71,319,71,319,73,320,74,321,74,321,82,320,82,319,83,319,86,315,86,315,87,315,89,313,89,312,89,312,91,308,91,308,91,308,93,306,93,306,94,306,95,304,95,303,96,303,98,302,98,301,98,301,100,300,100,299,100,299,104,297,104,297,105,297,107,295,107,295,107,295,109,293,109,292,109,292,111,291,111,290,112,290,113,286,113,286,112,286,111,284,111,284,107,283,107,282,107,282,105,281,104,280,104
342,166,355,166,355,165,355,163,357,163,357,190,355,190,355,190,355,203,342,203
373,287,375,287,375,286,375,284,383,284,384,284,384,282,388,282,388,282,388,280,395,280,395,279,395,278,399,278,400,277,400,275,408,275,408,277,408,278,410,278,410,282,411,282,412,282,412,284,413,284,415,284,415,288,413,288,412,289,412,291,411,291,410,291,410,293,406,293,406,293,406,295,402,295,401,296,401,297,391,297,390,298,390,300,384,300,383,300,383,302,375,302,375,296,375,295,373,295
408,273,410,273,411,273,411,271,412,271,413,270,413,269,415,269,415,268,415,267,417,267,417,266,417,264,419,264,420,264,420,262,421,262,422,261,422,260,423,260,424,259,424,258,426,258,426,257,426,255,428,255,428,255,428,253,430,253,431,252,431,251,432,251,433,250,433,246,435,246,435,246,435,242,437,242,437,241,437,237,439,237,440,237,440,233,441,233,442,232,442,226,443,226,444,226,444,224,446,224,446,223,446,222,448,222,448,221,448,219,450,219,450,221,451,222,452,222,452,223,453,224,459,224,459,226,460,226,463,226,463,232,462,232,461,233,461,235,460,235,459,235,459,239,457,239,457,240,457,246,455,246,455,246,455,250,453,250,452,251,452,255,451,255,450,255,450,259,448,259,448,260,448,261,446,261,446,262,446,264,444,264,443,264,443,268,440,268,439,269,439,270,435,270,435,271,435,273,433,273,432,273,432,275,431,275,430,275,430,277,428,277,428,278,428,279,426,279,426,280,426,282,424,282,423,282,423,284,420,284,420,282,419,282,415,282,415,280,415,279,413,279,413,278,412,277,411,277,411,275,410,275,408,275
446,134,448,134,448,134,448,132,452,132,453,131,453,130,459,130,459,131,460,132,461,132,461,138,462,139,463,139,463,147,464,148,466,148,466,154,466,154,468,154,468,160,468,161,470,161,470,167,471,168,472,168,472,187,471,187,470,188,470,199,468,199,468,199,468,217,466,217,466,217,466,221,457,221,457,219,457,219,451,219,451,217,450,217,448,217,448,208,450,208,451,208,451,195,452,195,453,194,453,166,452,165,451,165,451,159,450,158,448,158,448,148,448,147,446,147
