0,582,7,582,9,581,9,577,16,577,16,581,18,582,30,582,30,585,31,586,35,586,35,590,36,591,39,591,39,594,36,594,35,595,35,603,36,604,39,604,39,647,40,648,44,648,44,683,45,684,48,684,48,718,49,720,53,720,53,750,54,751,57,751,57,776,36,776,36,773,35,772,31,772,31,751,30,750,27,750,27,733,26,732,22,732,22,711,21,710,18,710,18,671,16,670,13,670,13,640,12,638,9,638,9,608,7,607,4,607,4,586,3,585,0,585
36,777,57,777,57,781,58,782,62,782,62,794,63,795,66,795,66,807,58,807,57,808,57,812,45,812,45,804,44,803,40,803,40,795,39,794,36,794
212,604,220,604,220,607,221,608,225,608,225,674,226,675,229,675,229,727,217,727,217,702,216,701,212,701,212,697,216,697,217,696,217,684,216,683,212,683
208,408,211,408,212,407,212,391,216,391,217,390,217,377,220,377,221,376,221,368,225,368,226,367,226,364,229,364,230,363,230,360,234,360,235,358,235,355,238,355,239,354,239,351,243,351,244,350,244,342,256,342,256,345,257,346,261,346,261,354,262,355,265,355,265,394,262,394,261,395,261,407,257,407,256,408,256,443,257,444,261,444,261,452,262,453,265,453,265,456,266,457,270,457,270,461,271,462,274,462,274,474,271,474,270,475,270,478,262,478,262,475,261,474,257,474,257,471,256,470,253,470,253,466,252,465,248,465,248,457,247,456,244,456,244,448,243,447,239,447,239,426,238,425,235,425,235,417,234,416,221,416,221,413,220,412,217,412,216,413,216,416,212,416,212,413,211,412,208,412
212,422,234,422,234,425,235,426,238,426,238,447,239,448,243,448,243,456,244,457,247,457,247,465,248,466,252,466,252,470,253,471,256,471,256,474,257,475,261,475,261,478,262,480,270,480,270,483,271,484,274,484,274,487,276,488,279,488,279,492,276,492,274,493,274,501,271,501,270,502,270,505,266,505,265,506,265,510,262,510,262,506,261,505,257,505,257,502,256,501,253,501,253,497,252,496,248,496,248,493,247,492,244,492,244,488,243,487,235,487,235,484,234,483,230,483,230,475,229,474,226,474,226,466,225,465,221,465,221,448,220,447,217,447,217,435,216,434,212,434
253,133,256,133,257,132,257,128,283,128,283,194,280,194,279,195,279,207,257,207,257,137,256,136,253,136
271,333,288,333,288,372,289,373,292,373,292,385,289,385,288,386,288,390,276,390,276,377,274,376,271,376
348,373,356,373,357,372,357,368,360,368,362,367,362,364,369,364,369,372,371,373,374,373,374,385,375,386,378,386,378,390,380,391,383,391,383,398,384,400,388,400,388,412,389,413,392,413,392,430,393,431,397,431,397,438,393,438,392,440,392,456,389,456,388,457,388,465,384,465,383,466,383,474,380,474,378,475,378,487,375,487,374,488,374,492,371,492,371,488,369,487,362,487,362,484,360,483,352,483,352,466,356,466,357,465,357,453,360,453,362,452,362,440,365,440,366,438,366,426,365,425,362,425,362,413,360,412,357,412,357,400,356,398,352,398,352,386,351,385,348,385
402,617,446,617,446,674,443,674,442,675,442,687,429,687,429,684,428,683,411,683,410,684,410,687,407,687,407,680,406,678,402,678
407,688,428,688,428,692,429,693,437,693,437,701,434,701,433,702,433,758,420,758,420,755,419,754,411,754,411,746,410,745,407,745
407,760,410,760,411,758,411,755,415,755,415,758,416,760,433,760,433,803,411,803,411,800,410,798,407,798
443,462,446,462,447,461,447,453,451,453,452,452,452,448,460,448,460,452,461,453,469,453,469,470,466,470,464,471,464,496,461,496,460,497,460,505,457,505,457,502,455,501,452,501,452,497,451,496,447,496,447,488,446,487,443,487
452,93,455,93,457,92,457,75,464,75,466,74,466,71,469,71,470,70,470,66,473,66,475,65,475,57,478,57,479,56,479,53,487,53,487,74,488,75,492,75,492,114,488,114,487,115,487,194,479,194,479,191,478,190,452,190
457,506,460,506,461,505,461,497,464,497,466,496,466,471,469,471,470,470,470,453,478,453,479,452,479,448,483,448,484,447,484,444,487,444,487,514,484,514,483,515,483,523,461,523,461,515,460,514,457,514
452,1075,455,1075,457,1074,457,1026,460,1026,461,1025,461,1013,487,1013,487,1016,488,1017,501,1017,501,1030,497,1030,496,1031,496,1074,493,1074,492,1075,492,1083,484,1083,483,1084,483,1087,452,1087
475,1275,478,1275,479,1274,479,1240,483,1240,484,1238,484,1204,492,1204,492,1207,493,1208,510,1208,510,1212,511,1213,523,1213,523,1261,520,1261,519,1262,519,1278,475,1278
488,1168,492,1168,493,1167,493,1133,496,1133,497,1132,497,1097,510,1097,510,1101,511,1102,528,1102,528,1105,529,1106,532,1106,532,1158,529,1158,528,1160,528,1198,520,1198,520,1195,519,1194,488,1194
529,1262,550,1262,550,1278,529,1278
529,1244,532,1244,533,1243,533,1213,537,1213,537,1216,538,1217,550,1217,550,1252,529,1252
533,1168,537,1168,538,1167,538,1128,541,1128,543,1127,543,1093,546,1093,547,1092,547,1088,564,1088,564,1114,561,1114,559,1115,559,1150,556,1150,555,1151,555,1194,552,1194,550,1195,550,1203,552,1204,555,1204,555,1207,533,1207
597,1231,600,1231,601,1230,601,1226,605,1226,605,1230,606,1231,627,1231,627,1278,597,1278
