309,328,329,328,329,354,314,354,314,350,313,349,309,349
357,235,361,235,362,234,362,230,366,230,366,234,368,235,377,235,378,234,378,230,388,230,388,234,389,235,398,235,398,245,400,246,404,246,404,327,405,328,409,328,409,343,405,343,404,345,404,349,368,349,368,306,366,305,362,305,362,263,361,261,357,261
389,372,409,372,409,409,410,411,414,411,414,442,394,442,394,427,393,426,389,426
394,449,398,449,400,448,400,443,420,443,420,491,421,493,425,493,425,508,410,508,409,509,409,513,405,513,405,509,404,508,400,508,400,504,398,502,394,502,394,482,398,482,400,480,400,454,398,453,394,453
448,597,478,597,478,618,480,619,484,619,484,639,485,641,489,641,489,656,490,657,494,657,494,683,496,685,500,685,500,700,464,700,464,679,462,678,458,678,458,652,457,650,453,650,453,624,452,623,448,623
458,65,462,65,464,64,464,38,468,38,469,36,469,0,500,0,500,20,496,20,494,21,494,58,490,58,489,60,489,80,485,80,484,82,484,86,474,86,474,82,473,80,458,80
490,367,494,367,496,365,496,339,500,339,501,338,501,317,505,317,506,316,506,301,510,301,512,300,512,285,516,285,517,283,517,263,521,263,522,261,522,257,526,257,526,261,528,263,537,263,537,267,538,268,574,268,574,272,576,274,580,274,580,305,576,305,574,306,574,327,570,327,569,328,569,349,565,349,564,350,564,371,560,371,558,372,558,404,554,404,553,405,553,437,554,438,558,438,558,464,560,465,564,465,564,480,565,482,569,482,569,502,570,504,574,504,574,519,576,520,580,520,580,530,581,531,585,531,585,541,570,541,569,542,569,546,560,546,558,548,558,552,554,552,553,553,553,557,544,557,542,559,542,563,528,563,528,553,526,552,522,552,522,537,521,535,517,535,517,526,516,524,512,524,512,515,510,513,506,513,506,498,505,497,501,497,501,476,500,475,496,475,496,443,494,442,490,442
512,591,526,591,528,590,528,586,542,586,544,585,544,581,553,581,553,585,554,586,564,586,564,590,565,591,569,591,569,607,565,607,564,608,564,661,565,663,569,663,569,678,570,679,574,679,574,694,570,694,569,696,569,700,549,700,548,701,548,705,538,705,538,701,537,700,533,700,533,690,532,689,528,689,528,679,526,678,522,678,522,663,521,661,517,661,517,641,516,639,512,639
570,411,601,411,602,409,602,405,606,405,606,415,608,416,612,416,612,442,613,443,617,443,617,459,613,459,612,460,612,464,586,464,585,465,585,470,581,470,581,465,580,464,576,464,576,449,574,448,570,448
576,372,580,372,581,371,581,334,585,334,586,332,586,317,606,317,606,332,602,332,601,334,601,387,602,389,606,389,606,404,602,404,601,405,601,409,581,409,581,405,580,404,576,404
581,591,590,591,590,596,592,597,596,597,596,601,597,602,601,602,601,618,602,619,606,619,606,639,608,641,612,641,612,667,613,668,617,668,617,678,597,678,597,668,596,667,592,667,592,657,590,656,586,656,586,630,585,628,581,628
832,581,836,581,837,579,837,575,857,575,857,579,858,581,878,581,878,585,880,586,884,586,884,656,880,656,878,657,878,661,858,661,858,657,857,656,842,656,842,630,841,628,837,628,837,608,836,607,832,607
853,668,857,668,858,667,858,663,873,663,873,667,874,668,878,668,878,705,880,707,884,707,884,722,874,722,873,723,873,727,869,727,869,723,868,722,864,722,864,701,862,700,858,700,858,679,857,678,853,678
864,729,873,729,874,727,874,723,884,723,884,727,885,729,889,729,889,771,890,772,894,772,894,793,880,793,880,783,878,782,874,782,874,756,873,755,869,755,869,734,868,733,864,733
896,646,953,646,953,678,954,679,958,679,958,705,960,707,964,707,964,738,965,739,969,739,969,760,965,760,964,761,964,766,944,766,942,767,942,771,922,771,921,772,921,776,912,776,912,745,910,744,906,744,906,712,905,711,901,711,901,685,900,683,896,683
