123,404,125,404,126,404,126,372,145,372,145,375,146,376,148,376,148,419,149,420,151,420,151,439,152,439,155,439,155,458,156,459,158,459,158,470,159,471,161,471,161,483,162,484,164,484,164,493,143,493,142,494,142,496,139,496,139,490,138,490,136,490,136,478,135,477,133,477,133,465,132,464,130,464,130,449,129,448,126,448,126,423,125,423,123,423
130,309,132,309,133,308,133,286,135,286,136,286,136,274,138,274,139,273,139,261,142,261,143,260,143,255,145,255,145,257,146,258,161,258,161,260,162,261,168,261,168,273,165,273,164,274,164,286,162,286,161,286,161,295,159,295,158,296,158,308,156,308,155,309,155,327,152,327,151,328,151,349,149,349,148,350,148,359,143,359,143,357,142,356,130,356
159,372,168,372,168,375,169,376,171,376,172,375,172,372,177,372,177,375,178,376,181,376,181,426,182,427,184,427,184,439,162,439,162,420,161,419,159,419
162,337,164,337,165,337,165,309,168,309,169,308,169,293,171,293,172,292,172,283,174,283,175,282,175,274,177,274,178,273,178,267,181,267,182,266,182,258,184,258,185,257,185,248,187,248,188,247,188,242,194,242,194,244,195,245,203,245,203,263,201,263,200,264,200,273,198,273,197,274,197,282,195,282,194,283,194,292,191,292,190,293,190,308,188,308,187,309,187,327,185,327,184,328,184,343,182,343,181,344,181,349,175,349,174,350,174,353,172,353,172,350,171,349,169,349,168,350,168,353,162,353
165,449,168,449,169,448,169,446,187,446,187,461,188,462,190,462,190,477,191,478,194,478,194,490,195,490,197,490,197,499,198,500,200,500,200,509,188,509,187,510,187,512,178,512,178,503,177,502,175,502,175,494,174,493,172,493,172,478,171,477,169,477,169,455,168,455,165,455
185,353,187,353,188,353,188,331,190,331,191,330,191,315,194,315,195,314,195,302,197,302,198,302,198,286,200,286,201,286,201,283,203,283,203,286,204,286,213,286,213,289,214,290,226,290,226,295,224,295,223,296,223,305,221,305,220,306,220,317,217,317,216,318,216,330,214,330,213,331,213,343,211,343,210,344,210,404,188,404,188,382,187,381,185,381
188,433,216,433,216,445,217,446,220,446,220,464,221,465,223,465,223,477,224,478,226,478,226,490,227,490,229,490,229,496,230,497,233,497,233,502,234,503,236,503,236,509,237,510,239,510,239,515,240,516,242,516,242,521,243,522,246,522,246,528,247,529,249,529,249,534,250,535,252,535,252,541,253,541,255,541,255,550,253,550,252,551,252,553,247,553,246,554,246,557,240,557,239,557,239,560,230,560,230,557,229,557,227,557,227,548,226,547,224,547,224,541,223,541,221,541,221,535,220,534,217,534,217,525,216,525,214,525,214,519,213,518,211,518,211,513,210,512,208,512,208,503,207,502,204,502,204,494,203,493,201,493,201,481,200,480,198,480,198,468,197,467,195,467,195,455,194,455,191,455,191,443,190,442,188,442
204,267,207,267,208,266,208,261,210,261,211,260,211,255,213,255,214,254,214,245,216,245,217,244,217,239,220,239,221,238,221,229,223,229,224,228,224,219,226,219,227,219,227,213,229,213,230,212,230,210,233,210,234,209,234,204,236,204,237,203,237,200,239,200,240,200,240,197,242,197,243,196,243,191,249,191,249,193,250,194,255,194,255,196,256,197,259,197,259,200,260,200,265,200,265,203,266,204,268,204,268,209,266,209,265,210,265,212,263,212,262,213,262,219,260,219,259,219,259,222,256,222,255,223,255,228,253,228,252,229,252,235,250,235,249,235,249,241,247,241,246,242,246,247,243,247,242,248,242,254,240,254,239,255,239,260,237,260,236,261,236,270,234,270,233,270,233,276,221,276,221,274,220,273,204,273
214,372,216,372,217,372,217,347,220,347,221,346,221,331,242,331,242,423,221,423,221,408,220,407,217,407,217,388,216,388,214,388
269,554,278,554,278,557,279,557,281,557,281,585,279,585,278,586,278,595,273,595,273,592,272,592,269,592,269,583,272,583,273,582,273,567,272,566,269,566
282,564,291,564,291,579,289,579,288,580,288,585,282,585
292,551,304,551,304,569,292,569
302,570,304,570,305,569,305,551,311,551,311,557,312,557,314,557,314,598,302,598,302,596,304,596,305,595,305,576,304,576,302,576
