39,245,41,245,42,245,42,213,44,213,45,212,45,198,47,198,48,197,48,189,50,189,51,188,51,180,53,180,54,180,54,168,56,168,57,168,57,157,59,157,60,156,60,145,62,145,63,144,63,139,104,139,104,156,102,156,101,157,101,168,99,168,98,168,98,180,96,180,95,180,95,191,93,191,92,192,92,203,90,203,89,204,89,277,78,277,77,278,77,280,57,280,56,281,56,283,42,283,41,284,41,286,39,286
66,115,68,115,69,114,69,103,71,103,72,102,72,94,74,94,75,94,75,88,77,88,78,88,78,80,80,80,81,79,81,74,83,74,84,73,84,65,86,65,87,64,87,59,89,59,90,58,90,56,92,56,93,55,93,50,95,50,96,49,96,44,98,44,99,43,99,41,101,41,102,40,102,38,104,38,105,37,105,32,107,32,108,31,108,29,110,29,111,28,111,23,122,23,122,25,123,26,137,26,137,28,138,29,161,29,161,37,159,37,158,38,158,40,156,40,155,41,155,43,153,43,152,44,152,49,150,49,149,50,149,55,147,55,146,56,146,58,144,58,143,59,143,64,141,64,140,65,140,67,138,67,137,68,137,73,135,73,134,74,134,76,132,76,131,77,131,82,129,82,128,82,128,88,126,88,125,88,125,94,123,94,122,94,122,102,120,102,119,103,119,108,117,108,116,109,116,114,114,114,113,115,113,120,111,120,110,121,110,126,108,126,107,127,107,129,102,129,102,127,101,126,87,126,87,124,86,123,75,123,74,124,74,126,69,126,69,124,68,123,66,123
339,71,341,71,342,70,342,62,344,62,345,61,345,53,347,53,348,52,348,50,350,50,351,49,351,47,353,47,354,46,354,41,356,41,357,40,357,38,368,38,368,40,369,41,371,41,371,46,369,46,368,47,368,52,366,52,365,53,365,55,363,55,362,56,362,58,360,58,359,59,359,64,357,64,356,65,356,82,357,82,359,82,359,88,360,88,362,88,362,97,363,97,365,97,365,100,348,100,348,94,347,94,345,94,345,88,344,88,342,88,342,80,341,79,339,79
360,444,362,444,363,443,363,414,365,414,366,414,366,388,368,388,369,387,369,373,380,373,380,414,378,414,377,414,377,446,375,446,374,447,374,455,363,455,363,453,362,452,360,452
369,334,371,334,372,334,372,290,386,290,386,325,384,325,383,325,383,369,381,369,380,370,380,372,369,372
372,237,374,237,375,236,375,195,377,195,378,194,378,192,386,192,386,194,387,195,392,195,392,197,390,197,389,198,389,254,387,254,386,254,386,262,381,262,381,260,380,260,378,260,377,260,377,262,375,262,375,260,374,260,372,260
372,266,374,266,375,265,375,263,386,263,386,289,372,289
387,370,389,370,390,369,390,308,392,308,393,307,393,305,392,304,390,304,390,299,392,299,393,298,393,296,398,296,398,298,399,299,407,299,407,301,405,301,404,302,404,372,402,372,401,373,401,381,387,381
390,257,392,257,393,257,393,248,401,248,401,251,402,251,404,251,405,251,405,248,407,248,407,295,390,295
417,589,419,589,420,588,420,565,422,565,423,565,423,560,437,560,437,562,438,562,440,562,440,585,438,585,437,586,437,594,438,595,440,595,440,597,438,597,437,598,437,612,435,612,434,613,434,615,423,615,423,613,422,612,420,612,420,601,419,600,417,600
453,539,455,539,456,538,456,521,458,521,459,520,459,503,458,502,456,502,456,474,458,474,459,473,459,462,458,461,456,461,456,382,458,382,458,384,459,385,464,385,465,384,465,382,470,382,470,384,471,385,473,385,473,485,471,485,470,485,470,502,468,502,467,503,467,505,465,505,464,506,464,517,465,518,470,518,470,544,471,545,473,545,473,594,474,595,476,595,476,597,474,597,473,598,473,612,474,613,476,613,476,621,474,621,473,622,473,624,459,624,459,601,458,600,456,600,456,577,455,577,453,577
