40,190,41,190,42,190,42,183,43,183,44,182,44,174,45,174,45,173,45,172,47,172,47,173,47,174,54,174,54,175,55,176,56,176,56,177,55,177,54,177,54,186,53,186,52,186,52,206,53,206,54,206,54,213,49,213,49,214,49,215,44,215,44,214,43,213,42,213,42,201,41,200,40,200
44,219,45,219,45,219,45,217,54,217,54,222,55,223,56,223,56,228,56,228,58,228,58,233,58,234,60,234,60,237,60,237,62,237,62,240,62,241,63,241,63,244,64,245,65,245,65,249,66,250,67,250,67,253,64,253,63,254,63,255,62,255,62,255,62,257,58,257,58,257,58,259,56,259,56,255,56,255,55,255,55,252,54,251,53,251,53,250,52,249,51,249,51,246,50,246,49,246,49,241,49,240,47,240,47,235,47,235,45,235,45,226,45,226,44,226
45,163,47,163,47,162,47,159,49,159,49,159,49,156,50,156,51,155,51,150,52,150,53,150,53,147,54,147,55,146,55,143,56,143,56,142,56,139,58,139,58,139,58,137,60,137,60,139,60,139,62,139,62,141,62,141,65,141,65,142,66,143,67,143,67,146,66,146,65,147,65,150,64,150,63,150,63,153,62,153,62,154,62,157,60,157,60,157,60,161,58,161,58,161,58,168,56,168,56,168,56,170,51,170,51,168,50,168,47,168,47,166,47,166,45,166
90,148,91,148,91,148,91,147,118,147,118,226,119,226,120,226,120,246,119,246,118,246,118,248,115,248,115,246,115,246,93,246,93,246,93,248,91,248,91,246,91,246,90,246,90,210,91,210,91,210,91,166,91,166,90,166
93,128,95,128,95,128,95,119,96,119,97,119,97,105,98,105,99,104,99,96,102,96,102,95,102,94,113,94,113,95,113,96,120,96,120,137,102,137,102,136,102,135,95,135,95,134,95,133,93,133
95,255,96,255,97,255,97,252,115,252,115,251,115,250,118,250,118,251,119,252,120,252,120,284,119,284,118,284,118,304,117,304,117,304,117,306,110,306,110,304,109,304,99,304,99,303,98,302,97,302,97,270,96,269,95,269
148,145,150,145,150,144,150,143,152,143,152,142,152,139,155,139,156,139,156,137,157,137,157,139,158,139,159,139,159,144,159,145,161,145,161,146,161,147,163,147,163,150,163,150,164,150,164,153,165,154,166,154,166,157,167,157,168,157,168,162,169,163,170,163,170,170,170,170,172,170,172,190,169,190,168,190,168,191,163,191,163,190,163,190,161,190,161,176,161,175,159,175,159,168,159,168,158,168,158,163,157,162,156,162,156,159,155,159,154,159,154,157,153,157,152,157,152,152,152,151,150,151,150,148,150,148,148,148
148,250,150,250,150,249,150,245,152,245,152,244,152,241,153,241,154,240,154,235,155,235,156,235,156,230,157,230,158,230,158,223,159,223,159,222,159,210,161,210,161,210,161,194,174,194,174,197,174,197,175,197,175,200,174,200,174,201,174,215,172,215,172,215,172,224,170,224,170,225,170,231,169,231,168,232,168,237,167,237,166,237,166,242,165,242,164,243,164,244,163,244,163,245,163,248,161,248,161,248,161,253,159,253,159,254,159,257,158,257,157,257,157,259,156,259,156,257,155,257,152,257,152,255,152,255,148,255
196,176,197,176,198,175,198,117,199,117,200,117,200,116,220,116,220,117,220,117,221,117,221,150,220,150,220,150,220,195,220,196,221,196,221,206,220,206,220,206,220,210,218,210,218,208,218,208,198,208,198,206,197,206,196,206,196,185,197,185,198,184,198,183,197,182,196,182
198,212,220,212,220,230,220,230,221,230,221,244,220,244,220,245,220,246,214,246,214,246,214,248,202,248,202,246,201,246,200,246,200,243,201,243,202,242,202,239,201,239,200,239,200,223,199,222,198,222
226,166,227,166,227,166,227,161,229,161,229,161,229,159,232,159,232,161,233,161,249,161,249,191,249,192,251,192,251,210,251,210,253,210,253,220,253,221,254,221,254,222,255,223,256,223,256,230,255,230,254,230,254,231,249,231,249,232,249,233,246,233,245,234,245,235,242,235,242,235,242,237,235,237,235,234,234,233,233,233,233,226,232,226,231,226,231,219,231,219,229,219,229,210,229,210,227,210,227,196,227,195,226,195
226,290,227,290,227,289,227,286,229,286,229,286,229,279,231,279,231,279,231,266,234,266,234,268,235,268,240,268,240,268,240,266,243,266,243,268,244,268,251,268,251,329,238,329,238,330,238,331,235,331,235,330,234,329,231,329,231,328,231,328,229,328,229,317,229,317,227,317,227,294,227,293,226,293
235,245,236,245,237,244,237,243,242,243,242,242,242,241,245,241,245,242,246,243,249,243,249,244,249,245,251,245,251,251,249,251,249,252,249,255,249,255,251,255,251,257,249,257,249,257,249,260,237,260,237,254,236,253,235,253
268,14,282,14,282,39,271,39,271,38,271,37,268,37
268,43,282,43,282,70,282,70,284,70,284,84,281,84,281,83,280,83,279,83,278,83,278,84,277,84,277,83,277,83,268,83,268,79,269,79,270,79,270,45,269,44,268,44
270,87,271,87,271,88,271,88,282,88,282,90,282,90,284,90,284,132,284,132,286,132,286,139,284,139,284,139,284,141,270,141
271,154,284,154,284,155,284,156,286,156,286,186,271,186
271,190,284,190,284,191,284,192,286,192,286,242,279,242,278,243,278,244,271,244
271,352,286,352,286,367,275,367,275,368,275,369,271,369
270,384,271,384,271,384,271,372,286,372,286,387,284,387,284,388,284,389,271,389,271,388,271,387,270,387
271,299,273,299,273,298,273,290,286,290,286,315,271,315,271,312,273,312,273,311,273,308,273,308,271,308,271,304,273,304,273,304,273,301,273,300,271,300
273,324,280,324,281,324,281,323,282,323,282,324,282,324,286,324,286,347,273,347
