168,70,171,70,172,69,172,63,174,63,175,62,175,60,178,60,178,59,178,56,181,56,182,55,182,53,184,53,185,52,185,50,188,50,189,49,189,46,201,46,201,49,202,50,205,50,205,59,202,59,201,60,201,62,195,62,194,63,194,65,192,65,191,66,191,69,189,69,188,70,188,75,185,75,184,76,184,95,185,96,188,96,188,102,189,103,191,103,191,109,192,110,194,110,194,112,195,113,201,113,201,115,202,116,215,116,215,119,216,120,218,120,218,125,216,125,215,126,215,129,212,129,211,130,211,132,192,132,192,130,191,129,189,129,189,123,188,122,185,122,185,120,184,119,178,119,178,113,178,112,175,112,175,106,174,105,172,105,172,100,171,99,168,99
175,593,178,593,178,592,178,590,181,590,182,589,182,586,198,586,198,589,199,590,205,590,205,592,205,593,208,593,208,619,205,619,205,620,205,622,199,622,198,623,198,625,175,625
185,433,188,433,189,432,189,430,201,430,201,432,202,433,208,433,208,462,205,462,205,463,205,465,199,465,198,466,198,469,192,469,192,466,191,465,189,465,189,456,188,455,185,455
182,500,184,500,185,499,185,493,188,493,189,492,189,483,201,483,201,485,202,486,211,486,211,505,209,505,208,506,208,515,205,515,205,516,205,519,185,519,185,503,184,502,182,502
219,156,242,156,243,155,243,153,245,153,245,169,246,170,248,170,248,215,249,216,252,216,252,229,249,229,248,230,248,232,226,232,226,230,225,229,222,229,222,216,221,215,219,215
219,236,238,236,238,239,239,240,248,240,248,309,222,309,222,293,221,292,219,292
219,320,245,320,245,339,246,340,248,340,248,405,246,405,245,406,245,412,222,412,221,413,221,415,219,415
216,430,218,430,219,429,219,420,245,420,245,512,216,512
216,523,218,523,219,522,219,520,238,520,239,519,239,516,242,516,242,519,243,520,245,520,245,529,243,529,242,530,242,532,243,533,245,533,245,572,219,572,219,530,218,529,216,529
216,583,218,583,219,582,219,580,242,580,242,589,243,590,245,590,245,635,246,636,248,636,248,669,249,670,252,670,252,675,249,675,248,676,248,679,232,679,232,680,232,682,222,682,222,673,221,672,219,672,219,643,218,642,216,642
