44,382,47,382,48,381,48,369,78,369,80,367,80,364,83,364,83,367,84,369,87,369,87,376,88,378,92,378,92,381,93,382,96,382,97,381,97,378,101,378,101,390,97,390,96,391,96,412,97,414,101,414,101,417,102,418,105,418,105,426,102,426,101,427,101,430,97,430,96,432,96,435,75,435,74,436,74,439,62,439,62,432,61,430,57,430,57,418,56,417,53,417,53,405,52,403,48,403,48,387,47,385,44,385
48,333,52,333,53,331,53,319,56,319,57,318,57,306,61,306,62,304,62,292,65,292,66,291,66,283,70,283,71,282,71,279,92,279,92,282,93,283,101,283,101,286,102,288,105,288,105,300,102,300,101,301,101,313,97,313,96,315,96,322,93,322,92,324,92,336,88,336,87,337,87,354,84,354,83,355,83,363,75,363,75,360,74,358,48,358
71,445,78,445,80,444,80,441,92,441,93,439,93,436,96,436,97,435,97,432,105,432,105,439,106,441,110,441,110,444,111,445,114,445,114,457,115,459,118,459,118,466,120,468,123,468,123,471,124,472,127,472,127,475,128,477,132,477,132,480,133,481,136,481,136,484,137,486,141,486,141,489,137,489,136,490,136,493,120,493,118,495,118,498,111,498,110,499,110,502,97,502,97,499,96,498,93,498,93,495,92,493,88,493,88,490,87,489,84,489,84,481,83,480,80,480,80,472,78,471,75,471,75,463,74,462,71,462
97,391,101,391,102,390,102,369,105,369,106,367,106,315,110,315,111,313,111,310,158,310,160,309,160,306,167,306,167,318,168,319,172,319,172,331,173,333,176,333,176,345,173,345,172,346,172,363,173,364,176,364,176,381,173,381,172,382,172,390,173,391,176,391,176,453,177,454,181,454,181,480,177,480,176,481,176,484,151,484,150,486,150,489,142,489,142,486,141,484,137,484,137,481,136,480,133,480,133,477,132,475,128,475,128,472,127,471,124,471,124,468,123,466,120,466,120,459,118,457,115,457,115,445,114,444,111,444,111,441,110,439,106,439,106,432,105,430,102,430,102,427,105,427,106,426,106,418,105,417,102,417,102,414,101,412,97,412
204,306,207,306,208,304,208,301,252,301,252,304,253,306,256,306,256,309,257,310,265,310,265,318,266,319,270,319,270,340,271,342,274,342,274,367,275,369,278,369,278,390,275,390,274,391,274,403,275,405,283,405,283,412,280,412,278,414,278,435,280,436,287,436,287,448,284,448,283,450,283,466,240,466,240,463,238,462,226,462,226,459,225,457,222,457,222,427,221,426,217,426,217,400,216,399,213,399,213,364,212,363,208,363,208,315,207,313,204,313
262,252,265,252,266,250,266,234,270,234,271,232,271,216,274,216,275,214,275,198,278,198,280,196,280,189,283,189,284,187,284,180,287,180,288,178,288,166,292,166,293,165,293,162,296,162,297,160,297,157,301,157,302,156,302,153,305,153,305,156,306,157,314,157,314,160,315,162,323,162,323,165,324,166,332,166,332,169,333,171,345,171,345,174,346,175,363,175,363,178,364,180,381,180,381,183,382,184,385,184,385,187,386,189,390,189,390,192,386,192,385,193,385,210,382,210,381,211,381,223,377,223,376,225,376,273,373,273,372,274,372,331,368,331,367,333,367,367,368,369,372,369,372,417,373,418,376,418,376,435,377,436,381,436,381,453,382,454,385,454,385,471,386,472,390,472,390,484,391,486,394,486,394,502,395,504,398,504,398,534,400,535,403,535,403,547,404,549,407,549,407,565,404,565,403,567,403,570,395,570,394,571,394,574,382,574,381,576,381,579,373,579,372,580,372,583,364,583,363,585,363,588,355,588,354,589,354,592,328,592,328,585,327,583,324,583,324,576,323,574,320,574,320,558,318,556,315,556,315,540,314,538,311,538,311,526,310,525,306,525,306,513,305,511,302,511,302,504,301,502,297,502,297,486,296,484,293,484,293,468,292,466,288,466,288,436,287,435,284,435,284,405,283,403,280,403,280,369,278,367,275,367,275,342,274,340,271,340,271,319,270,318,266,318,266,310,265,309,262,309
395,72,438,72,438,75,440,76,443,76,443,147,440,147,438,148,438,151,431,151,431,148,430,147,426,147,425,148,425,151,404,151,404,148,403,147,400,147,400,135,398,133,395,133
595,450,625,450,625,453,626,454,630,454,630,471,626,471,625,472,625,475,604,475,603,477,603,480,600,480,600,477,598,475,595,475
595,522,598,522,600,520,600,481,625,481,625,484,626,486,630,486,630,493,626,493,625,495,625,556,626,558,630,558,630,565,600,565,600,562,598,561,595,561
622,193,652,193,652,201,653,202,656,202,656,214,653,214,652,216,652,273,653,274,656,274,656,286,657,288,661,288,661,291,657,291,656,292,656,300,635,300,634,301,634,304,631,304,631,301,630,300,626,300,626,279,625,277,622,277
626,472,630,472,631,471,631,459,652,459,652,466,653,468,656,468,656,529,653,529,652,531,652,543,653,544,656,544,656,547,653,547,652,549,652,552,631,552,631,486,630,484,626,484
653,189,692,189,692,273,688,273,687,274,687,304,662,304,662,301,661,300,657,300,657,292,661,292,662,291,662,288,661,286,657,286,657,202,656,201,653,201
715,468,718,468,720,466,720,463,745,463,745,466,746,468,750,468,750,480,751,481,754,481,754,493,751,493,750,495,750,556,746,556,745,558,745,561,724,561,724,558,723,556,720,556,720,517,718,516,715,516
751,450,776,450,776,466,777,468,781,468,781,480,777,480,776,481,776,484,760,484,758,486,758,489,755,489,755,481,754,480,751,480
751,495,754,495,755,493,755,490,781,490,781,561,777,561,776,562,776,570,751,570
866,225,887,225,888,223,888,220,892,220,892,223,893,225,896,225,896,277,897,279,901,279,901,286,897,286,896,288,896,349,897,351,901,351,901,354,897,354,896,355,896,363,893,363,893,360,892,358,866,358
866,364,892,364,892,367,893,369,896,369,896,390,893,390,892,391,892,439,866,439
862,450,865,450,866,448,866,445,892,445,892,462,893,463,896,463,896,516,893,516,892,517,892,520,871,520,871,508,870,507,866,507,866,454,865,453,862,453
902,162,905,162,906,160,906,157,914,157,914,160,915,162,932,162,932,237,906,237,905,238,905,241,902,241
902,243,932,243,932,268,933,270,936,270,936,282,924,282,923,283,923,286,906,286,906,270,905,268,902,268
897,355,901,355,902,354,902,292,905,292,906,291,906,288,923,288,924,286,924,283,936,283,936,300,933,300,932,301,932,372,915,372,914,373,914,376,902,376,902,360,901,358,897,358
902,382,905,382,906,381,906,378,910,378,910,381,911,382,927,382,927,453,924,453,924,450,923,448,906,448,905,450,905,453,902,453
902,459,927,459,927,484,924,484,923,486,923,489,906,489,906,486,905,484,902,484
902,499,905,499,906,498,906,495,914,495,915,493,915,490,923,490,923,493,924,495,932,495,932,520,928,520,927,522,927,529,920,529,920,526,918,525,915,525,914,526,914,529,906,529,906,526,905,525,902,525,902,517,905,517,906,516,906,504,905,502,902,502
902,531,927,531,927,556,928,558,932,558,932,565,920,565,918,567,918,570,906,570,906,558,905,556,902,556
933,468,963,468,963,471,964,472,967,472,967,538,964,538,963,540,963,543,937,543,937,486,936,484,933,484
937,310,958,310,960,309,960,306,967,306,967,331,964,331,963,333,963,340,964,342,967,342,967,354,964,354,963,355,963,372,951,372,951,369,950,367,946,367,945,369,945,372,942,372,942,369,941,367,937,367
933,454,936,454,937,453,937,396,941,396,942,394,942,391,941,390,937,390,937,382,941,382,942,381,942,378,967,378,967,426,964,426,963,427,963,462,942,462,942,459,941,457,933,457
942,184,945,184,945,187,946,189,967,189,967,192,968,193,972,193,972,210,973,211,976,211,976,223,973,223,972,225,972,228,942,228
942,238,945,238,946,237,946,234,958,234,958,237,960,238,967,238,967,268,968,270,972,270,972,286,968,286,967,288,967,304,942,304
964,468,967,468,968,466,968,436,972,436,973,435,973,418,976,418,977,417,977,414,1003,414,1003,439,1000,439,998,441,998,484,977,484,977,481,976,480,968,480,968,472,967,471,964,471
973,252,994,252,994,255,995,256,1003,256,1003,327,977,327,977,324,976,322,973,322
973,333,976,333,977,331,977,328,1003,328,1003,376,973,376
973,400,976,400,977,399,977,382,990,382,991,381,991,378,1003,378,1003,403,1000,403,998,405,998,408,973,408
1008,486,1012,486,1013,484,1013,468,1016,468,1017,466,1017,459,1021,459,1022,457,1022,450,1043,450,1043,466,1040,466,1038,468,1038,489,1035,489,1034,490,1034,507,1031,507,1030,508,1030,511,1022,511,1022,508,1021,507,1013,507,1013,495,1012,493,1008,493
1040,513,1043,513,1044,511,1044,499,1047,499,1048,498,1048,472,1052,472,1053,471,1053,459,1056,459,1057,457,1057,445,1065,445,1065,448,1066,450,1087,450,1087,466,1080,466,1078,468,1078,475,1075,475,1074,477,1074,493,1071,493,1070,495,1070,511,1066,511,1065,513,1065,516,1062,516,1061,517,1061,525,1044,525,1044,522,1043,520,1040,520
1057,526,1061,526,1062,525,1062,517,1065,517,1066,516,1066,513,1070,513,1071,511,1071,495,1074,495,1075,493,1075,490,1096,490,1096,507,1093,507,1092,508,1092,520,1088,520,1087,522,1087,525,1088,526,1092,526,1092,529,1088,529,1087,531,1087,534,1057,534
1080,477,1083,477,1084,475,1084,468,1087,468,1088,466,1088,463,1096,463,1097,462,1097,459,1105,459,1106,457,1106,454,1114,454,1114,457,1115,459,1118,459,1118,466,1120,468,1123,468,1123,475,1124,477,1127,477,1127,498,1124,498,1123,499,1123,507,1120,507,1118,508,1118,520,1115,520,1114,522,1114,529,1111,529,1110,531,1110,534,1102,534,1102,531,1101,529,1093,529,1093,526,1092,525,1088,525,1088,522,1092,522,1093,520,1093,508,1096,508,1097,507,1097,490,1096,489,1088,489,1088,486,1087,484,1080,484
