40,513,43,513,44,511,44,481,47,481,48,480,48,454,52,454,53,453,53,441,56,441,57,439,57,427,61,427,62,426,62,414,65,414,66,412,66,409,101,409,101,448,97,448,96,450,96,466,93,466,92,468,92,489,88,489,87,490,87,516,84,516,83,517,83,547,80,547,78,549,78,574,75,574,74,576,74,579,40,579
44,594,47,594,48,592,48,589,74,589,74,633,71,633,70,634,70,660,44,660
57,252,61,252,62,250,62,225,65,225,66,223,66,202,70,202,71,201,71,175,74,175,75,174,75,135,78,135,80,133,80,121,114,121,114,169,111,169,110,171,110,196,106,196,105,198,105,214,102,214,101,216,101,232,97,232,96,234,96,241,93,241,92,243,92,250,88,250,87,252,87,259,62,259,62,256,61,255,57,255
80,85,83,85,84,84,84,58,118,58,118,61,120,63,123,63,123,75,120,75,118,76,118,111,115,111,114,112,114,115,80,115
142,472,145,472,146,471,146,468,154,468,155,466,155,463,176,463,176,493,173,493,172,495,172,498,168,498,167,499,167,502,142,502
142,526,185,526,185,534,186,535,190,535,190,570,191,571,194,571,194,592,191,592,190,594,190,624,186,624,185,625,185,642,182,642,181,643,181,646,151,646,151,589,150,588,146,588,146,535,145,534,142,534
186,526,203,526,203,529,204,531,207,531,207,538,204,538,203,540,203,570,191,570,191,535,190,534,186,534
422,414,425,414,426,412,426,346,430,346,431,345,431,310,434,310,435,309,435,279,438,279,440,277,440,256,443,256,444,255,444,238,447,238,448,237,448,225,452,225,453,223,453,207,456,207,457,205,457,189,461,189,462,187,462,171,465,171,466,169,466,157,470,157,471,156,471,144,474,144,475,142,475,130,478,130,480,129,480,112,483,112,484,111,484,99,487,99,488,97,488,76,492,76,493,75,493,67,505,67,505,70,506,72,532,72,532,75,533,76,554,76,554,79,555,81,585,81,585,84,586,85,590,85,590,120,586,120,585,121,585,138,582,138,581,139,581,151,577,151,576,153,576,165,573,165,572,166,572,192,568,192,567,193,567,201,564,201,563,202,563,210,560,210,558,211,558,223,555,223,554,225,554,232,551,232,550,234,550,246,546,246,545,247,545,259,542,259,541,261,541,277,537,277,536,279,536,322,533,322,532,324,532,403,533,405,536,405,536,453,537,454,541,454,541,507,542,508,545,508,545,534,546,535,550,535,550,547,546,547,545,549,545,556,542,556,541,558,541,565,537,565,536,567,536,570,533,570,532,571,532,579,515,579,515,576,514,574,502,574,501,576,501,579,497,579,496,580,496,588,493,588,492,589,492,597,488,597,487,598,487,601,475,601,475,598,474,597,453,597,453,594,452,592,448,592,448,589,447,588,444,588,444,580,443,579,440,579,440,558,438,556,435,556,435,535,434,534,431,534,431,504,430,502,426,502,426,472,425,471,422,471
533,571,536,571,537,570,537,567,541,567,542,565,542,558,545,558,546,556,546,549,550,549,551,547,551,535,550,534,546,534,546,522,550,522,551,520,551,400,550,399,546,399,546,387,550,387,551,385,551,288,554,288,555,286,555,252,558,252,560,250,560,229,563,229,564,228,564,211,567,211,568,210,568,198,572,198,573,196,573,180,576,180,577,178,577,153,581,153,582,151,582,139,585,139,586,138,586,121,590,121,591,120,591,90,594,90,595,88,595,81,598,81,600,79,600,72,603,72,604,70,604,67,607,67,608,66,608,54,612,54,613,52,613,45,616,45,617,43,617,40,621,40,622,39,622,36,630,36,630,39,631,40,643,40,643,43,644,45,683,45,683,48,684,49,723,49,723,52,724,54,732,54,732,70,728,70,727,72,727,88,724,88,723,90,723,106,720,106,718,108,718,129,715,129,714,130,714,151,711,151,710,153,710,174,706,174,705,175,705,196,702,196,701,198,701,219,697,219,696,220,696,232,693,232,692,234,692,246,688,246,687,247,687,264,684,264,683,265,683,282,680,282,678,283,678,336,675,336,674,337,674,417,671,417,670,418,670,457,671,459,674,459,674,502,675,504,678,504,678,547,680,549,683,549,683,565,684,567,687,567,687,597,688,598,692,598,692,619,693,621,696,621,696,642,697,643,701,643,701,669,600,669,598,670,598,673,582,673,582,670,581,669,573,669,572,670,572,673,568,673,568,670,567,669,555,669,555,666,554,664,551,664,551,643,550,642,546,642,546,585,545,583,542,583,542,576,541,574,533,574
853,81,856,81,857,79,857,76,896,76,896,79,897,81,901,81,901,124,902,126,905,126,905,183,906,184,910,184,910,228,897,228,896,229,896,232,866,232,866,207,865,205,862,205,862,148,861,147,857,147,857,90,856,88,853,88
871,243,910,243,910,250,911,252,914,252,914,304,911,304,910,306,910,322,911,324,914,324,914,331,911,331,910,333,910,336,888,336,887,337,887,340,875,340,875,310,874,309,871,309
875,355,887,355,888,354,888,351,914,351,914,426,915,427,918,427,918,430,915,430,914,432,914,439,875,439
871,454,874,454,875,453,875,450,914,450,914,453,915,454,918,454,918,480,920,481,923,481,923,507,924,508,927,508,927,543,928,544,932,544,932,565,928,565,927,567,927,570,915,570,914,571,914,574,893,574,892,576,892,579,888,579,888,576,887,574,884,574,884,558,883,556,880,556,880,535,878,534,875,534,875,477,874,475,871,475
915,45,918,45,920,43,920,40,950,40,950,43,951,45,954,45,954,79,955,81,958,81,958,124,960,126,963,126,963,151,928,151,928,148,927,147,924,147,924,103,923,102,920,102,920,49,918,48,915,48
924,180,927,180,928,178,928,162,963,162,963,165,964,166,967,166,967,300,968,301,972,301,972,304,968,304,967,306,967,313,964,313,964,310,963,309,955,309,954,310,954,313,933,313,933,310,932,309,928,309,928,261,927,259,924,259,924,252,927,252,928,250,928,247,927,246,924,246
928,328,932,328,933,327,933,324,967,324,967,349,968,351,972,351,972,363,968,363,967,364,967,367,928,367
928,382,932,382,933,381,933,378,954,378,954,381,955,382,972,382,972,448,973,450,976,450,976,462,933,462,933,450,932,448,928,448
937,477,950,477,951,475,951,472,967,472,967,475,968,477,972,477,972,480,973,481,976,481,976,543,977,544,981,544,981,583,982,585,985,585,985,588,982,588,981,589,981,592,960,592,958,594,958,597,951,597,951,594,950,592,946,592,946,576,945,574,942,574,942,535,941,534,937,534
973,45,1007,45,1007,48,1008,49,1012,49,1012,84,1013,85,1016,85,1016,115,1017,117,1021,117,1021,120,1017,120,1016,121,1016,124,991,124,990,126,990,129,977,129,977,103,976,102,973,102
982,139,994,139,995,138,995,135,1016,135,1017,133,1017,130,1021,130,1021,156,1022,157,1025,157,1025,228,1026,229,1030,229,1030,246,1026,246,1025,247,1025,250,1022,250,1022,247,1021,246,1013,246,1012,247,1012,250,1008,250,1008,247,1007,246,986,246,986,184,985,183,982,183
986,270,990,270,991,268,991,265,1025,265,1025,331,1026,333,1030,333,1030,345,1013,345,1012,346,1012,349,986,349
982,369,985,369,986,367,986,364,1038,364,1038,448,1031,448,1030,450,1030,453,1004,453,1003,454,1003,457,995,457,995,454,994,453,991,453,991,436,990,435,986,435,986,387,985,385,982,385
991,472,994,472,995,471,995,468,1030,468,1030,471,1031,472,1034,472,1034,565,1035,567,1038,567,1038,579,1035,579,1034,580,1034,583,1017,583,1016,585,1016,588,1000,588,1000,562,998,561,995,561,995,522,994,520,991,520
1062,27,1065,27,1066,25,1066,22,1092,22,1092,39,1093,40,1096,40,1096,84,1071,84,1071,81,1070,79,1066,79,1066,58,1065,57,1062,57
1071,90,1101,90,1101,106,1102,108,1105,108,1105,133,1071,133
1071,144,1101,144,1101,147,1102,148,1105,148,1105,178,1071,178
1071,193,1078,193,1080,192,1080,189,1087,189,1087,192,1088,193,1105,193,1105,264,1080,264,1080,261,1078,259,1071,259,1071,252,1074,252,1075,250,1075,243,1074,241,1071,241
1075,279,1105,279,1105,309,1106,310,1110,310,1110,372,1075,372
1075,387,1101,387,1102,385,1102,382,1110,382,1110,412,1111,414,1114,414,1114,480,1080,480,1080,436,1078,435,1075,435
1075,499,1078,499,1080,498,1080,495,1096,495,1097,493,1097,490,1114,490,1114,529,1115,531,1118,531,1118,601,1115,601,1114,603,1114,606,1084,606,1084,553,1083,552,1080,552,1080,504,1078,502,1075,502
1164,90,1198,90,1198,93,1200,94,1203,94,1203,223,1204,225,1207,225,1207,232,1177,232,1176,234,1176,237,1168,237,1168,234,1167,232,1164,232,1164,225,1167,225,1168,223,1168,220,1167,219,1164,219
1168,400,1172,400,1173,399,1173,396,1203,396,1203,399,1204,400,1212,400,1212,475,1213,477,1216,477,1216,516,1213,516,1212,517,1212,520,1204,520,1204,517,1203,516,1173,516,1173,409,1172,408,1168,408
1208,90,1216,90,1217,88,1217,85,1243,85,1243,120,1244,121,1247,121,1247,250,1222,250,1222,247,1221,246,1213,246,1213,175,1212,174,1208,174
1213,328,1256,328,1256,430,1257,432,1261,432,1261,439,1257,439,1256,441,1256,444,1217,444,1217,355,1216,354,1213,354
1217,454,1221,454,1222,453,1222,450,1256,450,1256,453,1257,454,1261,454,1261,583,1253,583,1252,585,1252,588,1244,588,1244,585,1243,583,1235,583,1234,585,1234,592,1226,592,1226,553,1225,552,1222,552,1222,490,1221,489,1217,489
