237,66,241,66,241,70,242,72,271,72,271,130,237,130
237,144,271,144,271,256,266,256,265,258,265,262,242,262,242,156,241,154,237,154
237,672,241,672,242,670,242,666,247,666,247,670,248,672,253,672,253,676,254,678,265,678,265,724,266,726,271,726,271,742,272,744,277,744,277,748,278,750,282,750,282,760,272,760,271,762,271,766,266,766,265,768,265,772,260,772,260,768,259,766,254,766,254,762,253,760,248,760,248,750,247,748,242,748,242,738,241,736,237,736
254,642,259,642,260,640,260,636,265,636,266,634,266,630,271,630,272,628,272,624,277,624,278,622,278,618,288,618,290,616,290,612,300,612,302,610,302,606,318,606,320,604,320,600,354,600,354,604,355,606,395,606,395,610,397,612,413,612,413,616,414,618,425,618,425,622,426,624,437,624,437,628,438,630,442,630,442,640,438,640,437,642,437,646,408,646,408,642,407,640,402,640,402,636,401,634,391,634,391,630,389,628,325,628,324,630,324,634,308,634,306,636,306,640,302,640,300,642,300,646,290,646,288,648,288,652,284,652,282,654,282,658,278,658,277,660,277,664,266,664,266,660,265,658,260,658,260,654,259,652,254,652
272,768,277,768,278,766,278,762,294,762,294,766,296,768,300,768,300,772,302,774,318,774,318,778,320,780,336,780,336,784,337,786,342,786,342,790,337,790,336,792,336,796,325,796,324,798,324,802,296,802,296,798,294,796,284,796,284,792,282,790,278,790,278,786,277,784,272,784
284,54,312,54,312,58,314,60,324,60,324,142,320,142,318,144,318,232,320,234,324,234,324,274,320,274,318,276,318,280,284,280
308,456,312,456,312,460,314,462,330,462,330,502,308,502
308,342,330,342,330,346,331,348,336,348,336,388,331,388,330,390,330,436,331,438,336,438,336,460,314,460,314,456,312,454,308,454
361,228,365,228,367,226,367,162,371,162,373,160,373,132,383,132,385,130,385,126,395,126,395,130,397,132,407,132,407,136,408,138,413,138,413,244,408,244,407,246,407,412,367,412,367,330,365,328,361,328
361,510,365,510,367,508,367,432,371,432,373,430,373,426,401,426,401,508,397,508,395,510,395,520,367,520,367,516,365,514,361,514
758,288,774,288,774,310,776,312,780,312,780,328,764,328,764,300,762,298,758,298
776,288,780,288,782,286,782,252,792,252,792,256,794,258,798,258,798,310,794,310,792,312,792,322,782,322,782,294,780,292,776,292
