3,268,27,268,28,267,28,265,39,265,39,267,40,268,42,268,42,298,40,298,39,299,39,358,40,358,42,358,42,367,40,367,39,368,39,370,6,370,6,296,5,295,3,295
9,377,42,377,42,423,40,423,39,424,39,429,31,429,30,430,30,433,15,433,15,430,14,429,12,429,12,424,11,423,9,423
56,187,58,187,59,186,59,184,96,184,96,186,96,187,99,187,99,258,100,259,102,259,102,305,103,305,105,305,105,311,103,311,102,312,102,320,75,320,74,321,74,323,65,323,65,293,64,292,62,292,62,255,61,255,59,255,59,215,58,214,56,214
100,102,102,102,103,102,103,99,114,99,114,102,115,102,127,102,127,108,125,108,124,109,124,111,125,112,127,112,127,170,109,170,108,171,108,173,103,173,103,171,102,170,100,170,100,165,102,165,103,164,103,162,102,161,100,161
103,177,121,177,121,177,121,174,127,174,127,177,128,177,130,177,130,195,106,195,106,193,105,192,103,192
103,205,105,205,106,205,106,202,130,202,130,236,131,237,133,237,133,276,134,277,136,277,136,280,134,280,133,280,133,286,131,286,131,283,130,283,121,283,121,283,121,286,109,286,109,283,108,283,106,283,106,230,105,230,103,230
103,312,105,312,106,311,106,287,136,287,136,339,137,340,139,340,139,386,137,386,136,386,136,389,112,389,112,386,111,386,109,386,109,327,108,326,106,326,106,318,105,317,103,317
109,418,111,418,112,417,112,405,139,405,139,420,137,420,136,421,136,476,125,476,124,477,124,479,112,479,112,477,111,476,109,476
131,106,133,106,134,105,134,102,158,102,158,127,159,127,161,127,161,161,134,161,134,109,133,108,131,108
137,165,155,165,156,164,156,162,161,162,161,177,162,177,164,177,164,227,156,227,155,227,155,230,146,230,146,227,146,227,137,227
143,433,146,433,146,433,146,408,171,408,171,411,171,411,174,411,174,414,171,414,171,415,171,436,168,436,167,436,167,464,143,464
143,465,146,465,146,467,146,468,161,468,162,467,162,465,167,465,167,479,168,480,171,480,171,482,168,482,167,483,167,492,165,492,164,493,164,495,156,495,155,496,155,498,146,498,146,496,146,495,143,495
143,262,146,262,146,261,146,259,149,259,150,258,150,255,167,255,167,264,168,265,171,265,171,330,168,330,167,330,167,333,165,333,165,330,164,330,162,330,161,330,161,333,146,333,146,315,146,314,143,314
146,337,171,337,171,373,171,374,174,374,174,379,171,379,171,380,171,386,153,386,153,383,152,383,150,383,150,371,149,370,146,370
196,308,199,308,200,308,200,290,202,290,203,289,203,265,205,265,206,264,206,262,217,262,217,264,218,265,221,265,221,264,221,262,227,262,227,264,228,265,230,265,230,270,228,270,227,271,227,286,225,286,224,287,224,298,221,298,221,299,221,326,221,327,224,327,224,342,225,343,227,343,227,348,225,348,224,349,224,351,218,351,217,352,217,354,206,354,206,352,205,351,203,351,203,337,202,336,200,336,200,318,199,317,196,317
206,221,208,221,209,220,209,218,224,218,224,258,206,258
206,358,227,358,227,367,228,368,230,368,230,370,228,370,227,371,227,373,228,374,230,374,230,376,228,376,227,377,227,395,225,395,224,396,224,398,212,398,212,396,211,395,209,395,209,374,208,373,206,373
228,218,249,218,249,255,246,255,246,255,246,264,228,264
228,271,230,271,231,270,231,268,246,268,246,323,243,323,243,321,242,320,234,320,233,321,233,323,231,323,231,321,230,320,228,320
225,349,227,349,228,348,228,330,230,330,231,330,231,327,233,327,233,330,234,330,242,330,243,330,243,327,246,327,246,330,246,330,249,330,249,348,246,348,246,349,246,354,246,355,249,355,249,370,231,370,231,368,230,367,228,367,228,352,227,351,225,351
228,377,230,377,231,376,231,374,249,374,249,395,246,395,246,396,246,398,237,398,237,396,236,395,234,395,233,396,233,398,231,398,231,396,230,395,228,395
