209,226,212,226,213,225,213,223,233,223,234,222,234,219,258,219,258,366,259,367,262,367,262,423,256,423,255,424,255,427,231,427,230,428,230,431,220,431,220,428,219,427,216,427,216,345,216,344,213,344,213,234,212,233,209,233
263,223,265,223,266,222,266,219,272,219,272,222,273,223,276,223,276,258,277,259,280,259,280,261,277,261,276,262,276,265,277,266,280,266,280,272,277,272,276,273,276,287,277,288,280,288,280,409,277,409,276,410,276,413,266,413,266,327,265,326,263,326
355,291,358,291,359,290,359,259,361,259,362,258,362,237,365,237,366,236,366,212,368,212,369,211,369,187,372,187,373,186,373,162,376,162,376,161,376,147,379,147,380,146,380,136,383,136,384,135,384,126,386,126,387,125,387,118,390,118,391,117,391,115,393,115,394,114,394,111,397,111,397,114,398,115,408,115,408,117,408,118,422,118,422,121,423,122,454,122,454,125,455,126,486,126,487,125,487,122,496,122,496,125,497,126,518,126,518,128,519,129,521,129,521,135,519,135,518,136,518,139,515,139,514,140,514,146,512,146,511,147,511,153,508,153,507,154,507,161,504,161,504,162,504,168,501,168,500,169,500,175,497,175,496,176,496,179,494,179,493,180,493,186,490,186,489,187,489,193,487,193,486,194,486,200,483,200,482,201,482,211,480,211,479,212,479,218,476,218,475,219,475,225,472,225,472,226,472,236,469,236,468,237,468,247,465,247,464,248,464,261,462,261,461,262,461,272,458,272,457,273,457,290,455,290,454,291,454,305,451,305,450,306,450,315,448,315,447,316,447,326,444,326,443,327,443,351,440,351,440,352,440,405,440,406,443,406,443,434,444,435,447,435,447,449,448,450,450,450,450,459,451,460,454,460,454,470,455,471,457,471,457,485,458,486,461,486,461,495,462,496,464,496,464,499,465,500,468,500,468,506,455,506,454,507,454,510,444,510,443,511,443,513,433,513,432,514,432,517,426,517,425,518,425,521,423,521,422,522,422,524,419,524,419,522,418,521,416,521,416,518,415,517,412,517,412,511,411,510,408,510,408,504,408,503,405,503,405,496,404,495,401,495,401,489,400,488,398,488,398,486,397,485,394,485,394,475,393,474,391,474,391,464,390,463,387,463,387,457,386,456,384,456,384,450,383,449,380,449,380,442,379,441,376,441,376,432,376,431,373,431,373,417,372,416,369,416,369,406,368,405,366,405,366,392,365,391,362,391,362,370,361,369,359,369,359,334,358,333,355,333
458,356,461,356,462,355,462,331,464,331,465,330,465,309,468,309,469,308,469,266,472,266,472,265,472,259,532,259,532,276,529,276,528,277,528,290,526,290,525,291,525,305,522,305,521,306,521,315,519,315,518,316,518,330,515,330,514,331,514,341,512,341,511,342,511,348,508,348,507,349,507,362,504,362,504,363,504,391,501,391,500,392,500,477,497,477,496,478,496,481,476,481,475,482,475,485,465,485,465,468,464,467,462,467,462,428,461,427,458,427
494,187,496,187,497,186,497,183,525,183,525,189,526,190,528,190,528,236,522,236,521,237,521,240,519,240,518,241,518,243,501,243,501,241,500,240,497,240,497,216,496,215,494,215
512,424,514,424,515,423,515,388,518,388,519,387,519,360,521,360,522,359,522,349,525,349,526,348,526,338,528,338,529,337,529,331,532,331,533,330,533,320,536,320,536,319,536,309,539,309,540,308,540,302,543,302,544,301,544,291,546,291,547,290,547,288,553,288,553,290,554,291,564,291,564,294,565,295,568,295,568,301,565,301,564,302,564,308,561,308,560,309,560,319,558,319,557,320,557,326,554,326,553,327,553,337,551,337,550,338,550,348,547,348,546,349,546,355,544,355,543,356,543,373,540,373,539,374,539,420,536,420,536,421,536,513,536,514,539,514,539,517,536,517,536,518,536,524,515,524,515,522,514,521,512,521
725,10,756,10,757,9,757,7,777,7,777,9,778,10,792,10,792,13,792,14,795,14,795,17,796,18,799,18,799,20,800,21,802,21,802,35,760,35,760,32,760,31,725,31
817,68,834,68,834,71,835,72,838,72,838,85,839,86,841,86,841,99,842,100,845,100,845,110,824,110,824,93,824,92,821,92,821,79,820,78,817,78
832,115,834,115,835,114,835,111,848,111,848,125,849,126,852,126,852,132,835,132,835,122,834,121,832,121
839,151,856,151,856,153,856,154,859,154,859,168,860,169,863,169,863,179,864,180,866,180,866,193,867,194,870,194,870,207,871,208,873,208,873,222,853,222,853,216,852,215,849,215,849,194,848,193,846,193,846,180,845,179,842,179,842,162,841,161,839,161
846,90,859,90,860,89,860,86,863,86,863,89,864,90,866,90,866,99,867,100,870,100,870,107,871,108,873,108,873,121,874,122,877,122,877,139,878,140,880,140,880,146,878,146,877,147,877,150,864,150,864,144,863,143,860,143,860,126,859,125,856,125,856,115,856,114,853,114,853,104,852,103,849,103,849,93,848,92,846,92
856,226,859,226,859,229,860,230,863,230,864,229,864,226,873,226,873,229,874,230,877,230,877,247,878,248,880,248,880,269,881,270,884,270,884,283,864,283,864,270,863,269,860,269,860,244,859,243,856,243
864,151,866,151,866,153,867,154,877,154,878,153,878,151,880,151,880,153,881,154,884,154,884,164,885,165,888,165,888,171,888,172,891,172,891,182,892,183,895,183,895,207,896,208,898,208,898,229,899,230,902,230,902,247,885,247,885,237,884,236,881,236,881,216,880,215,878,215,878,194,877,193,874,193,874,183,873,182,871,182,871,169,870,168,867,168,867,162,866,161,864,161
867,288,884,288,884,297,885,298,888,298,888,315,878,315,877,316,877,319,874,319,873,320,873,323,871,323,871,316,870,315,867,315
871,324,873,324,874,323,874,320,884,320,885,319,885,316,888,316,888,319,888,320,891,320,891,333,892,334,895,334,895,351,896,352,898,352,898,377,878,377,878,367,877,366,874,366,874,334,873,333,871,333
878,378,898,378,898,380,899,381,902,381,902,413,903,414,905,414,905,441,906,442,909,442,909,456,903,456,902,457,902,459,892,459,892,453,891,452,888,452,888,435,888,434,885,434,885,410,884,409,881,409,881,381,880,380,878,380
888,273,909,273,909,290,910,291,912,291,912,305,913,306,916,306,916,326,917,327,920,327,920,330,913,330,912,331,912,337,910,337,910,334,909,333,906,333,905,334,905,337,903,337,903,334,902,333,899,333,899,327,898,326,896,326,896,302,895,301,892,301,892,280,891,279,888,279
899,338,916,338,917,337,917,334,920,334,920,344,920,345,923,345,923,362,924,363,927,363,927,409,928,410,930,410,930,434,931,435,934,435,934,441,931,441,930,442,930,445,917,445,917,442,916,441,913,441,913,417,912,416,910,416,910,385,909,384,906,384,906,363,905,362,903,362,903,345,902,344,899,344
