62,341,64,341,65,341,65,338,71,338,71,338,71,335,74,335,75,335,75,329,74,329,71,329,71,323,77,323,78,323,78,320,86,320,87,319,87,317,111,317,111,323,112,323,114,323,114,365,115,366,117,366,117,368,115,368,114,369,114,371,109,371,109,369,108,368,100,368,100,366,99,365,87,365,87,363,86,362,78,362,78,360,77,359,71,359,71,357,71,356,68,356,68,354,67,353,65,353,65,344,64,344,62,344
46,405,52,405,53,404,53,402,74,402,75,401,75,399,83,399,84,398,84,396,99,396,100,395,100,393,111,393,112,392,112,390,117,390,117,395,118,396,121,396,121,404,121,405,124,405,124,416,125,417,127,417,127,422,128,423,130,423,130,434,131,435,133,435,133,441,134,441,136,441,136,447,137,447,139,447,139,453,140,453,142,453,142,462,143,462,146,462,146,471,146,472,149,472,149,477,150,478,152,478,152,483,153,484,155,484,155,489,156,490,158,490,158,492,159,493,161,493,161,498,162,499,164,499,164,501,165,502,167,502,167,507,168,508,171,508,171,510,171,511,174,511,174,513,175,514,177,514,177,519,178,520,180,520,180,525,181,526,183,526,183,528,184,529,186,529,186,531,187,532,189,532,189,534,190,535,192,535,192,537,193,538,196,538,196,540,196,541,199,541,199,543,200,544,202,544,202,549,203,550,205,550,205,556,206,556,208,556,208,568,206,568,205,568,205,571,200,571,199,571,199,574,196,574,196,574,196,577,193,577,192,577,192,580,190,580,189,580,189,583,184,583,183,583,183,586,181,586,180,587,180,589,175,589,174,590,174,592,159,592,159,590,158,589,153,589,153,587,152,586,150,586,150,583,149,583,146,583,146,580,146,580,143,580,143,577,142,577,140,577,140,574,139,574,137,574,137,571,136,571,134,571,134,565,133,565,131,565,131,562,130,562,128,562,128,559,127,559,125,559,125,556,124,556,121,556,121,553,121,552,118,552,118,550,117,549,115,549,115,544,114,543,112,543,112,541,111,540,109,540,109,538,108,537,106,537,106,535,105,534,103,534,103,532,102,531,100,531,100,529,99,528,96,528,96,526,96,525,93,525,93,520,92,519,90,519,90,517,89,516,87,516,87,511,86,510,84,510,84,505,83,504,81,504,81,496,80,495,78,495,78,490,77,489,75,489,75,481,74,480,71,480,71,475,71,474,68,474,68,462,67,462,65,462,65,456,64,456,62,456,62,447,61,447,59,447,59,441,58,441,56,441,56,435,55,434,53,434,53,429,52,428,50,428,50,420,49,419,46,419
50,263,52,263,53,262,53,251,55,251,56,250,56,245,58,245,59,244,59,232,61,232,62,232,62,220,64,220,65,220,65,211,67,211,68,211,68,199,71,199,71,198,71,178,74,178,75,177,75,169,77,169,78,168,78,160,80,160,81,159,81,154,83,154,84,153,84,148,86,148,87,147,87,145,89,145,90,144,90,139,92,139,93,138,93,136,96,136,96,135,96,133,99,133,100,132,100,127,102,127,103,126,103,121,105,121,106,120,106,118,108,118,109,117,109,111,111,111,112,111,112,105,114,105,115,105,115,102,117,102,118,102,118,96,121,96,121,96,121,93,124,93,125,93,125,87,127,87,128,86,128,81,130,81,131,80,131,75,133,75,134,74,134,72,142,72,142,77,143,78,146,78,146,80,146,81,149,81,149,83,150,84,155,84,155,86,156,87,158,87,158,90,159,90,164,90,164,93,165,93,171,93,171,96,171,96,177,96,177,99,178,99,183,99,183,102,184,102,186,102,186,105,187,105,192,105,192,108,193,108,199,108,199,117,196,117,196,118,196,123,193,123,192,124,192,129,190,129,189,130,189,132,187,132,186,133,186,138,184,138,183,139,183,141,181,141,180,142,180,147,178,147,177,148,177,150,175,150,174,151,174,153,171,153,171,154,171,156,168,156,167,157,167,162,165,162,164,163,164,168,162,168,161,169,161,174,159,174,158,175,158,177,156,177,155,178,155,183,153,183,152,184,152,189,150,189,149,190,149,195,146,195,146,196,146,198,143,198,142,199,142,208,140,208,139,208,139,214,137,214,136,214,136,226,134,226,133,226,133,241,131,241,130,242,130,253,128,253,127,254,127,262,125,262,124,263,124,271,121,271,121,272,121,283,118,283,117,284,117,292,109,292,109,290,108,289,100,289,100,287,99,286,90,286,90,284,89,283,78,283,78,281,77,280,68,280,68,278,67,277,53,277,53,275,52,274,50,274
156,245,158,245,159,244,159,242,174,242,174,362,175,363,177,363,177,371,175,371,174,372,174,410,165,410,164,411,164,413,156,413,156,257,158,257,159,256,159,248,158,247,156,247
184,272,189,272,190,271,190,269,199,269,199,271,200,272,205,272,205,377,203,377,202,378,202,380,184,380
181,390,183,390,184,389,184,387,186,387,186,389,187,390,205,390,205,498,196,498,196,499,196,501,184,501,184,414,183,413,181,413
184,187,186,187,187,186,187,163,189,163,190,162,190,160,202,160,202,162,203,163,205,163,205,259,196,259,196,260,196,262,187,262,187,260,186,259,184,259
212,260,214,260,215,259,215,257,230,257,230,316,218,316,217,317,217,319,215,319,215,314,214,313,212,313,212,308,214,308,215,307,215,290,214,289,212,289,212,269,214,269,215,268,215,263,214,262,212,262
212,335,217,335,218,335,218,332,227,332,227,335,228,335,230,335,230,386,228,386,227,387,227,389,212,389
250,130,261,130,261,132,262,133,264,133,264,138,262,138,261,139,261,156,262,157,264,157,264,208,250,208
253,447,258,447,259,447,259,444,264,444,264,447,265,447,267,447,267,471,253,471
253,481,255,481,256,480,256,478,261,478,261,480,262,481,267,481,267,531,265,531,264,532,264,534,256,534,256,532,255,531,253,531
265,139,267,139,268,138,268,136,271,136,271,138,271,139,280,139,280,232,268,232,268,229,267,229,265,229
465,290,467,290,468,289,468,287,486,287,487,286,487,284,492,284,492,286,493,287,496,287,496,289,496,290,499,290,499,341,496,341,496,341,496,380,493,380,492,381,492,383,478,383,478,381,477,380,475,380,475,354,474,353,471,353,471,320,471,319,468,319,468,302,467,301,465,301
