200,297,203,297,204,295,204,279,207,279,208,277,208,270,212,270,213,268,213,261,216,261,217,259,217,256,225,256,225,259,226,261,238,261,238,264,240,265,247,265,247,273,244,273,243,274,243,286,240,286,238,288,238,309,235,309,234,310,234,345,231,345,231,342,230,340,200,340
200,351,238,351,238,376,240,378,243,378,243,399,244,400,247,400,247,412,240,412,238,414,238,417,217,417,216,418,216,421,208,421,208,418,207,417,204,417,204,396,203,394,200,394
213,432,221,432,222,430,222,427,234,427,235,426,235,423,252,423,252,426,253,427,256,427,256,439,257,441,261,441,261,448,262,450,265,450,265,462,266,463,270,463,270,471,271,472,274,472,274,475,271,475,270,477,270,480,262,480,261,481,261,484,257,484,256,486,256,489,248,489,247,490,247,493,235,493,235,486,234,484,231,484,231,477,230,475,226,475,226,468,225,466,222,466,222,454,221,453,217,453,217,441,216,439,213,439
266,274,283,274,283,277,284,279,296,279,296,282,297,283,310,283,310,286,311,288,323,288,323,291,324,292,336,292,336,295,337,297,350,297,350,300,351,301,358,301,358,309,360,310,363,310,363,318,364,319,376,319,376,322,377,324,381,324,381,327,382,328,394,328,394,331,395,333,412,333,412,336,413,337,430,337,430,345,426,345,425,346,425,354,422,354,421,355,421,358,417,358,416,360,416,363,413,363,412,364,412,367,400,367,400,364,398,363,391,363,391,360,390,358,373,358,373,355,372,354,360,354,360,351,358,349,355,349,355,346,354,345,351,345,351,333,350,331,342,331,341,333,341,336,333,336,333,333,332,331,324,331,324,328,323,327,315,327,315,324,314,322,311,322,311,319,310,318,302,318,302,315,301,313,297,313,297,310,296,309,288,309,288,306,287,304,275,304,275,301,274,300,271,300,271,297,270,295,266,295,266,283,270,283,271,282,271,279,270,277,266,277
266,522,270,522,271,520,271,517,278,517,280,516,280,513,283,513,284,511,284,508,287,508,288,507,288,504,296,504,296,507,297,508,301,508,301,511,302,513,305,513,305,516,306,517,310,517,310,520,311,522,314,522,314,525,315,526,318,526,318,529,320,531,323,531,323,534,324,535,332,535,332,538,333,540,336,540,336,543,337,544,345,544,345,547,346,549,350,549,350,552,351,553,354,553,354,556,351,556,350,558,350,561,346,561,345,562,345,570,342,570,341,571,341,574,337,574,336,576,336,579,333,579,332,580,332,583,324,583,324,580,323,579,311,579,311,576,310,574,306,574,306,571,305,570,302,570,302,567,301,565,297,565,297,562,296,561,293,561,293,558,292,556,288,556,288,553,287,552,284,552,284,549,283,547,280,547,280,540,278,538,275,538,275,535,274,534,271,534,271,531,270,529,266,529
271,157,274,157,275,156,275,153,283,153,284,151,284,148,287,148,288,147,288,144,292,144,293,142,293,139,296,139,297,138,297,135,301,135,302,133,302,130,305,130,306,129,306,126,310,126,311,124,311,121,314,121,315,120,315,112,318,112,320,111,320,108,323,108,324,106,324,103,332,103,333,102,333,99,345,99,346,97,346,94,363,94,364,93,364,90,385,90,386,88,386,85,398,85,400,84,400,81,403,81,404,79,404,76,416,76,416,79,417,81,421,81,421,97,422,99,425,99,425,111,422,111,421,112,421,115,413,115,412,117,412,120,404,120,403,121,403,124,386,124,385,126,385,129,373,129,372,130,372,133,364,133,363,135,363,138,355,138,354,139,354,142,346,142,345,144,345,147,342,147,341,148,341,151,337,151,336,153,336,156,333,156,332,157,332,160,328,160,327,162,327,165,320,165,318,166,318,169,315,169,314,171,314,174,311,174,310,175,310,178,302,178,301,180,301,183,293,183,293,180,292,178,288,178,288,175,287,174,284,174,284,171,283,169,275,169,275,166,274,165,271,165
346,585,350,585,351,583,351,576,354,576,355,574,355,562,358,562,360,561,360,558,363,558,363,561,364,562,372,562,372,565,373,567,381,567,381,570,382,571,390,571,390,574,391,576,403,576,403,579,404,580,412,580,412,592,408,592,407,594,407,601,404,601,403,603,403,615,386,615,386,612,385,610,368,610,368,607,367,606,360,606,360,603,358,601,355,601,355,598,354,597,351,597,351,594,350,592,346,592
413,598,416,598,417,597,417,589,421,589,422,588,422,585,430,585,430,588,431,589,452,589,452,592,453,594,461,594,461,615,457,615,456,616,456,624,435,624,435,621,434,619,417,619,417,616,416,615,413,615
448,81,452,81,453,79,453,76,474,76,474,79,475,81,518,81,518,84,520,85,532,85,532,88,533,90,536,90,536,97,533,97,532,99,532,111,528,111,527,112,527,115,502,115,502,112,501,111,466,111,466,108,465,106,448,106
488,603,492,603,493,601,493,594,510,594,510,597,511,598,518,598,520,597,520,594,536,594,537,592,537,589,550,589,551,588,551,585,554,585,555,583,555,580,563,580,564,579,564,576,567,576,568,574,568,571,585,571,586,570,586,567,590,567,590,570,591,571,594,571,594,588,595,589,598,589,598,597,595,597,594,598,594,601,586,601,585,603,585,606,582,606,581,607,581,610,573,610,572,612,572,615,564,615,563,616,563,619,555,619,554,621,554,624,542,624,541,625,541,628,524,628,524,625,523,624,502,624,502,621,501,619,497,619,497,616,496,615,493,615,493,607,492,606,488,606
533,108,536,108,537,106,537,90,554,90,554,93,555,94,563,94,563,97,564,99,572,99,572,102,573,103,581,103,581,106,582,108,594,108,594,111,595,112,603,112,603,115,604,117,607,117,607,120,608,121,612,121,612,124,613,126,621,126,621,129,622,130,630,130,630,133,631,135,634,135,634,138,635,139,638,139,638,142,640,144,643,144,643,147,644,148,647,148,647,151,648,153,652,153,652,156,653,157,656,157,656,160,657,162,661,162,661,165,662,166,665,166,665,174,657,174,656,175,656,178,653,178,652,180,652,183,648,183,647,184,647,187,644,187,644,184,643,183,640,183,640,180,638,178,631,178,631,175,630,174,626,174,626,171,625,169,622,169,622,166,621,165,617,165,617,162,616,160,613,160,613,157,612,156,608,156,608,153,607,151,600,151,600,148,598,147,595,147,595,144,594,142,591,142,591,139,590,138,586,138,586,135,585,133,568,133,568,130,567,129,555,129,555,126,554,124,542,124,542,121,541,120,537,120,537,117,536,115,533,115
600,562,603,562,604,561,604,558,612,558,613,556,613,553,621,553,622,552,622,549,625,549,626,547,626,544,630,544,631,543,631,540,634,540,635,538,635,535,638,535,640,534,640,531,643,531,644,529,644,526,647,526,648,525,648,522,652,522,653,520,653,517,656,517,657,516,657,513,661,513,662,511,662,504,665,504,666,502,666,499,670,499,671,498,671,490,674,490,675,489,675,486,692,486,692,489,693,490,701,490,701,507,697,507,696,508,696,511,693,511,692,513,692,520,688,520,687,522,687,525,684,525,683,526,683,534,680,534,678,535,678,538,675,538,674,540,674,543,671,543,670,544,670,552,662,552,661,553,661,556,657,556,656,558,656,561,653,561,652,562,652,565,644,565,643,567,643,570,640,570,638,571,638,574,631,574,630,576,630,579,626,579,625,580,625,583,622,583,621,585,621,588,617,588,616,589,616,592,613,592,613,589,612,588,608,588,608,580,607,579,604,579,604,576,603,574,600,574
657,189,661,189,662,187,662,184,665,184,666,183,666,180,678,180,678,183,680,184,683,184,683,192,684,193,687,193,687,196,688,198,692,198,692,201,693,202,696,202,696,210,697,211,701,211,701,219,702,220,705,220,705,223,706,225,710,225,710,237,702,237,701,238,701,241,688,241,688,238,687,237,684,237,684,229,683,228,680,228,680,225,678,223,675,223,675,216,674,214,671,214,671,211,670,210,666,210,666,202,665,201,662,201,662,198,661,196,657,196
688,477,692,477,693,475,693,463,696,463,697,462,697,445,701,445,702,444,702,432,705,432,705,435,706,436,718,436,718,439,720,441,727,441,727,453,724,453,723,454,723,466,720,466,718,468,718,475,715,475,714,477,714,484,711,484,710,486,710,489,702,489,702,486,701,484,697,484,697,481,696,480,688,480
702,270,710,270,711,268,711,265,723,265,723,268,724,270,727,270,727,277,728,279,732,279,732,291,733,292,736,292,736,304,737,306,741,306,741,336,742,337,745,337,745,381,720,381,720,378,718,376,715,376,715,324,714,322,711,322,711,306,710,304,706,304,706,288,705,286,702,286
706,418,710,418,711,417,711,387,741,387,741,412,737,412,736,414,736,430,706,430
