22,968,30,968,30,972,31,973,34,973,35,972,35,968,39,968,39,972,40,973,43,973,43,990,44,991,48,991,48,998,49,1000,52,1000,52,1003,53,1004,57,1004,57,1007,58,1008,66,1008,66,1012,67,1013,79,1013,79,1016,80,1017,84,1017,84,1025,80,1025,79,1026,79,1034,67,1034,67,1031,66,1030,58,1030,58,1026,57,1025,49,1025,49,1022,48,1021,44,1021,44,1017,43,1016,40,1016,40,1013,39,1012,35,1012,35,1008,34,1007,31,1007,31,995,30,994,26,994,26,986,25,985,22,985
26,951,30,951,31,950,31,937,34,937,35,936,35,933,39,933,40,932,40,928,48,928,49,927,49,924,79,924,79,941,62,941,61,942,61,945,53,945,52,946,52,950,49,950,48,951,48,958,44,958,43,960,43,963,40,963,39,964,39,967,35,967,35,964,34,963,26,963
89,928,102,928,102,932,103,933,111,933,111,936,112,937,120,937,120,941,121,942,124,942,124,945,125,946,129,946,129,954,130,955,133,955,133,963,125,963,124,964,124,972,121,972,121,964,120,963,116,963,116,955,115,954,112,954,112,951,111,950,107,950,107,946,106,945,103,945,103,942,102,941,89,941
89,1017,97,1017,98,1016,98,1013,106,1013,107,1012,107,1008,115,1008,116,1007,116,1000,120,1000,121,998,121,991,124,991,125,990,125,977,124,976,121,976,121,973,124,973,125,972,125,968,138,968,138,998,134,998,133,1000,133,1007,130,1007,129,1008,129,1012,125,1012,124,1013,124,1016,121,1016,120,1017,120,1021,116,1021,115,1022,115,1025,107,1025,106,1026,106,1030,98,1030,97,1031,97,1034,94,1034,94,1031,93,1030,89,1030
283,964,286,964,287,963,287,942,290,942,292,941,292,933,295,933,296,932,296,924,299,924,301,923,301,920,304,920,305,918,305,915,308,915,310,914,310,911,322,911,322,914,323,915,326,915,326,918,328,920,331,920,331,923,328,923,326,924,326,927,323,927,322,928,322,932,319,932,317,933,317,936,314,936,313,937,313,941,310,941,308,942,308,950,305,950,304,951,304,976,305,977,308,977,308,985,310,986,313,986,313,994,314,995,317,995,317,998,319,1000,322,1000,322,1012,305,1012,305,1008,304,1007,301,1007,301,1000,299,998,296,998,296,995,295,994,292,994,292,986,290,985,287,985,287,973,286,972,283,972
485,977,488,977,489,976,489,964,493,964,494,963,494,955,497,955,498,954,498,951,511,951,511,963,507,963,506,964,506,976,503,976,502,977,502,990,498,990,497,991,497,994,485,994
485,1000,502,1000,502,1016,503,1017,506,1017,506,1030,494,1030,494,1022,493,1021,489,1021,489,1008,488,1007,485,1007
516,942,520,942,521,941,521,937,542,937,542,990,539,990,538,991,538,1012,516,1012
548,1017,551,1017,552,1016,552,1008,556,1008,557,1007,557,995,574,995,574,1007,570,1007,569,1008,569,1016,566,1016,565,1017,565,1025,561,1025,560,1026,560,1030,548,1030
552,951,565,951,565,958,566,960,569,960,569,967,570,968,574,968,574,990,557,990,557,968,556,967,552,967
566,1204,569,1204,570,1203,570,1200,583,1200,584,1198,584,1195,596,1195,596,1198,597,1200,601,1200,601,1203,602,1204,605,1204,605,1212,606,1213,610,1213,610,1225,611,1226,614,1226,614,1238,615,1240,619,1240,619,1252,579,1252,579,1248,578,1247,575,1247,575,1226,574,1225,570,1225,570,1213,569,1212,566,1212
579,1253,619,1253,619,1261,620,1262,623,1262,623,1278,579,1278
620,333,636,333,636,381,620,381
