315,1188,325,1188,328,1185,328,1116,337,1116,340,1113,340,1056,349,1056,352,1053,352,996,361,996,364,993,364,960,373,960,376,957,376,936,385,936,388,933,388,912,397,912,400,909,400,900,410,900,413,897,413,888,422,888,425,885,425,864,434,864,437,861,437,840,446,840,449,837,449,828,458,828,461,825,461,816,470,816,470,825,473,828,482,828,482,837,486,840,495,840,495,849,498,852,507,852,507,885,498,885,495,888,495,909,486,909,482,912,482,933,473,933,470,936,470,945,461,945,458,948,458,957,449,957,446,960,446,981,437,981,434,984,434,1029,425,1029,422,1032,422,1065,413,1065,410,1068,410,1113,400,1113,397,1116,397,1185,388,1185,385,1188,385,1209,376,1209,376,1200,373,1197,315,1197
315,1272,349,1272,352,1269,352,1260,385,1260,385,1317,388,1320,397,1320,397,1365,400,1368,410,1368,410,1437,413,1440,422,1440,422,1473,425,1476,434,1476,434,1497,437,1500,458,1500,458,1509,461,1512,470,1512,470,1521,473,1524,482,1524,482,1533,486,1536,495,1536,495,1545,473,1545,470,1548,470,1569,473,1572,482,1572,482,1581,486,1584,495,1584,495,1617,498,1620,507,1620,507,1641,510,1644,519,1644,519,1677,510,1677,507,1680,507,1689,498,1689,495,1692,495,1701,461,1701,461,1680,458,1677,449,1677,449,1668,446,1665,437,1665,437,1644,434,1641,425,1641,425,1620,422,1617,413,1617,413,1596,410,1593,400,1593,400,1584,397,1581,388,1581,388,1560,385,1557,376,1557,376,1536,373,1533,364,1533,364,1512,361,1509,352,1509,352,1464,349,1461,340,1461,340,1368,337,1365,328,1365,328,1296,325,1293,315,1293
437,1368,446,1368,449,1365,449,1044,458,1044,461,1041,461,984,470,984,473,981,473,960,482,960,486,957,486,948,616,948,616,1017,619,1020,628,1020,628,1413,619,1413,616,1416,616,1449,619,1452,640,1452,640,1485,631,1485,628,1488,628,1521,619,1521,616,1524,616,1533,607,1533,604,1536,604,1545,498,1545,498,1536,495,1533,486,1533,486,1524,482,1521,473,1521,473,1512,470,1509,461,1509,461,1500,458,1497,449,1497,449,1404,446,1401,437,1401
607,1656,616,1656,619,1653,619,1524,628,1524,631,1521,631,1488,640,1488,643,1485,643,1452,640,1449,631,1449,631,804,713,804,713,813,716,816,774,816,774,825,777,828,811,828,811,837,814,840,823,840,823,945,814,945,811,948,811,993,814,996,823,996,823,1017,814,1017,811,1020,811,1221,814,1224,823,1224,823,1293,826,1296,835,1296,835,1305,826,1305,823,1308,823,1557,826,1560,835,1560,835,1605,838,1608,847,1608,847,1617,838,1617,835,1620,835,1701,753,1701,750,1704,750,1713,619,1713,619,1704,616,1701,607,1701
814,948,823,948,826,945,826,852,847,852,847,861,850,864,956,864,956,873,959,876,968,876,968,1173,838,1173,838,1164,835,1161,826,1161,826,1104,823,1101,814,1101,814,1020,823,1020,826,1017,826,996,823,993,814,993
826,1308,835,1308,838,1305,838,1296,920,1296,920,1305,923,1308,944,1308,947,1305,947,1296,968,1296,968,1353,972,1356,981,1356,981,1545,972,1545,968,1548,968,1557,972,1560,981,1560,981,1617,972,1617,968,1620,968,1629,850,1629,850,1608,847,1605,838,1605,838,1560,835,1557,826,1557,826,1536,835,1536,838,1533,838,1464,835,1461,826,1461
972,876,1066,876,1066,885,1069,888,1090,888,1090,1125,1081,1125,1078,1128,1078,1149,984,1149,984,1008,981,1005,972,1005
984,1200,1054,1200,1054,1209,1057,1212,1090,1212,1090,1245,1081,1245,1078,1248,1078,1509,1081,1512,1090,1512,1090,1617,1081,1617,1078,1620,1078,1629,1032,1629,1029,1632,1029,1641,1020,1641,1020,1632,1017,1629,1008,1629,1008,1620,1005,1617,996,1617,996,1560,993,1557,984,1557,984,1452,993,1452,996,1449,996,1392,993,1389,984,1389
1093,1308,1102,1308,1105,1305,1105,1128,1163,1128,1163,1305,1166,1308,1175,1308,1175,1329,1166,1329,1163,1332,1163,1341,1154,1341,1154,1332,1151,1329,1093,1329
1166,972,1187,972,1187,981,1190,984,1260,984,1260,1365,1251,1365,1248,1368,1248,1377,1190,1377,1190,1368,1199,1368,1202,1365,1202,1356,1199,1353,1190,1353,1190,1164,1187,1161,1178,1161,1178,1092,1175,1089,1166,1089
1178,1464,1187,1464,1190,1461,1190,1416,1260,1416,1260,1437,1263,1440,1272,1440,1272,1509,1239,1509,1236,1512,1236,1521,1178,1521
1251,756,1260,756,1263,753,1263,744,1272,744,1275,741,1275,732,1345,732,1345,741,1348,744,1357,744,1357,969,1360,972,1369,972,1369,1041,1360,1041,1357,1044,1357,1305,1287,1305,1287,1176,1284,1173,1275,1173,1275,1152,1284,1152,1287,1149,1287,1008,1284,1005,1275,1005,1275,876,1272,873,1263,873,1263,792,1260,789,1251,789
1263,1404,1272,1404,1275,1401,1275,1356,1309,1356,1312,1353,1312,1344,1357,1344,1357,1749,1300,1749,1300,1584,1297,1581,1287,1581,1287,1440,1284,1437,1275,1437,1275,1416,1272,1413,1263,1413
1372,1092,1467,1092,1467,1353,1385,1353,1385,1140,1382,1137,1372,1137
1372,1392,1454,1392,1454,1401,1458,1404,1467,1404,1467,1629,1458,1629,1454,1632,1454,1641,1397,1641,1397,1584,1394,1581,1385,1581,1385,1452,1382,1449,1372,1449
1385,828,1430,828,1430,837,1433,840,1454,840,1454,957,1458,960,1467,960,1467,1029,1458,1029,1454,1032,1454,1041,1385,1041,1385,1032,1394,1032,1397,1029,1397,888,1394,885,1385,885
