33,79,35,79,36,78,36,48,37,48,38,47,38,45,45,45,45,45,45,43,52,43,52,49,50,49,50,50,50,93,48,93,47,93,47,97,48,98,50,98,50,105,38,105,38,103,37,102,33,102
50,93,52,93,53,93,53,88,54,88,55,88,55,84,57,84,57,83,57,62,57,61,55,61,55,55,54,54,53,54,53,52,54,52,55,52,55,50,59,50,59,52,60,52,62,52,62,59,62,60,64,60,64,83,62,83,62,84,62,90,60,90,59,91,59,95,57,95,57,96,57,97,53,97,53,96,52,95,50,95
50,377,54,377,54,379,55,379,66,379,66,427,67,427,69,427,69,429,67,429,66,430,66,434,67,435,69,435,69,446,60,446,60,442,59,441,55,441,55,430,54,429,53,429,53,396,52,396,50,396
55,230,57,230,57,230,57,213,69,213,69,215,69,216,71,216,71,287,72,288,74,288,74,309,74,310,76,310,76,323,77,324,79,324,79,340,72,340,71,341,71,343,67,343,67,341,66,340,65,340,65,326,64,326,62,326,62,314,62,314,60,314,60,295,59,295,57,295,57,252,57,251,55,251,55,245,57,245,57,244,57,237,57,237,55,237
67,396,76,396,76,417,77,418,79,418,79,427,77,427,76,427,76,429,69,429,69,427,69,427,67,427
74,384,86,384,86,396,86,396,88,396,88,398,86,398,86,399,86,417,86,418,88,418,88,441,77,441,77,439,79,439,79,439,79,437,79,436,77,436,77,427,79,427,79,427,79,418,79,417,77,417,77,396,76,396,74,396
77,230,88,230,89,230,89,228,91,228,91,230,91,230,93,230,93,278,94,278,95,278,95,309,96,310,98,310,98,328,89,328,88,329,88,331,84,331,84,322,83,321,82,321,82,295,81,295,79,295,79,259,79,259,77,259
86,399,88,399,89,398,89,396,93,396,93,398,94,399,95,399,95,417,96,418,98,418,98,429,96,429,95,430,95,432,89,432,89,418,88,417,86,417
94,389,105,389,105,424,106,425,107,425,107,439,96,439,96,430,98,430,98,429,98,418,98,417,96,417,96,394,95,393,94,393
96,245,98,245,98,246,98,247,100,247,101,246,101,245,105,245,105,273,106,274,107,274,107,278,106,278,105,278,105,283,106,283,107,283,107,304,101,304,101,298,100,297,98,297,98,262,98,261,96,261
108,233,117,233,117,251,118,252,120,252,120,290,120,290,122,290,122,321,115,321,115,312,115,311,113,311,113,283,112,283,110,283,110,245,110,244,108,244
142,24,156,24,156,28,156,28,158,28,158,35,156,35,156,36,156,64,156,64,161,64,161,69,159,69,158,69,158,102,159,103,161,103,161,117,161,117,163,117,163,126,161,126,161,127,161,134,161,134,163,134,163,153,151,153,151,149,151,148,149,148,149,129,148,129,147,129,147,74,146,73,144,73,144,43,144,42,142,42
149,338,153,338,154,338,154,336,163,336,163,347,164,348,165,348,165,352,164,352,163,353,163,355,164,355,165,355,165,427,166,427,168,427,168,472,156,472,156,473,156,475,154,475,154,425,153,424,151,424,151,367,151,367,149,367
156,19,170,19,170,52,171,52,173,52,173,109,173,110,175,110,175,138,176,139,177,139,177,158,176,158,176,156,175,155,166,155,166,149,165,148,164,148,164,117,163,117,161,117,161,64,161,64,159,64,159,28,158,28,156,28
168,338,185,338,185,338,185,336,189,336,189,338,190,338,192,338,192,386,193,387,194,387,194,403,193,403,192,403,192,408,188,408,187,408,187,410,173,410,173,389,173,388,171,388,171,360,170,359,168,359
197,237,214,237,214,283,214,283,216,283,216,314,200,314,200,312,199,311,197,311
217,266,228,266,228,280,229,281,230,281,230,297,224,297,223,298,223,299,219,299,219,271,218,271,217,271
231,262,243,262,243,302,234,302,234,300,233,299,231,299,231,298,233,298,234,297,234,293,233,292,231,292
229,382,233,382,234,381,234,379,240,379,241,379,241,377,247,377,248,376,248,375,252,375,252,393,253,394,255,394,255,417,253,417,252,418,252,444,234,444,234,442,233,441,231,441,231,425,230,424,229,424
243,240,255,240,255,295,255,295,257,295,257,302,258,302,259,302,259,304,258,304,257,305,257,316,255,316,255,317,255,319,246,319,246,269,245,268,243,268
258,262,267,262,267,263,267,264,269,264,269,266,267,266,267,266,267,304,260,304,260,302,259,302,258,302
270,264,279,264,279,275,279,276,281,276,281,299,279,299,279,300,279,302,272,302,272,298,272,297,270,297
318,264,327,264,328,263,328,262,329,262,329,263,330,264,332,264,332,263,332,262,334,262,334,268,332,268,332,269,332,280,332,281,334,281,334,290,335,290,337,290,337,292,335,292,334,293,334,323,335,324,337,324,337,326,335,326,334,326,334,338,332,338,332,338,332,350,332,350,334,350,334,355,332,355,332,355,332,357,330,357,329,358,329,362,330,362,332,362,332,367,330,367,329,367,329,371,328,371,328,370,327,369,318,369,318,360,320,360,320,359,320,358,320,357,318,357
320,406,322,406,323,405,323,389,325,389,325,388,325,379,327,379,328,379,328,372,329,372,330,371,330,367,332,367,332,367,332,355,334,355,335,355,335,326,337,326,337,326,337,290,337,290,335,290,335,262,346,262,346,263,347,264,349,264,349,263,349,262,351,262,351,287,352,288,354,288,354,429,320,429
