18,151,19,151,19,150,19,133,21,133,21,133,21,121,22,121,23,121,23,113,24,113,25,112,25,104,26,104,27,103,27,99,28,99,28,98,28,93,30,93,30,93,30,88,31,88,32,88,32,83,33,83,34,83,34,80,35,80,36,79,36,74,37,74,37,74,37,71,39,71,39,70,39,67,40,67,41,67,41,64,42,64,43,63,43,59,44,59,45,58,45,57,49,57,49,58,50,59,51,59,51,60,52,60,53,60,53,62,54,62,55,62,55,63,55,64,57,64,57,65,57,66,58,66,58,67,59,67,62,67,62,69,63,69,64,69,64,70,64,71,66,71,66,72,66,73,67,73,67,74,68,74,73,74,73,76,73,76,75,76,75,79,75,80,76,80,76,81,75,81,75,81,75,83,73,83,73,83,73,86,72,86,71,86,71,90,70,90,69,90,69,93,68,93,67,93,67,96,66,96,66,97,66,100,64,100,64,100,64,103,63,103,62,104,62,109,61,109,60,109,60,116,59,116,58,116,58,119,57,119,57,120,57,124,55,124,55,125,55,130,54,130,53,130,53,133,52,133,51,133,51,136,50,136,49,137,49,145,48,145,48,146,48,178,48,179,49,179,49,187,50,187,51,187,51,194,52,194,53,194,53,199,54,200,55,200,55,204,55,205,57,205,57,208,57,208,58,208,58,211,59,212,60,212,60,216,61,217,62,217,62,222,63,222,64,222,64,227,64,227,66,227,66,230,66,231,67,231,67,236,68,236,69,236,69,237,70,238,71,238,71,241,72,241,73,241,73,246,73,246,75,246,75,250,75,250,76,250,76,251,77,252,78,252,78,255,79,255,80,255,80,258,79,258,78,259,78,260,77,260,76,260,76,262,70,262,69,262,69,263,61,263,60,264,60,265,43,265,43,264,42,263,41,263,41,262,40,262,39,262,39,257,39,256,37,256,37,253,37,253,36,253,36,248,35,248,34,248,34,243,33,243,32,243,32,238,31,237,30,237,30,233,30,232,28,232,28,227,28,227,27,227,27,222,26,222,25,222,25,213,24,213,23,213,23,206,22,206,21,206,21,198,21,197,19,197,19,186,19,185,18,185
75,55,76,55,77,55,77,38,78,38,79,37,79,27,80,27,81,27,81,20,84,20,84,20,84,19,94,19,94,20,95,20,111,20,111,22,111,22,118,22,118,23,118,24,120,24,120,32,118,32,118,33,118,67,118,67,120,67,120,81,120,81,121,81,121,103,120,103,120,104,120,105,84,105,84,104,84,103,82,103,82,102,82,102,81,102,81,99,80,98,79,98,79,86,78,86,77,86,77,80,76,79,75,79,75,76,76,76,77,76,77,71,76,70,75,70
84,215,121,215,121,244,122,245,123,245,123,251,124,252,125,252,125,262,126,262,127,262,127,293,126,293,125,293,125,296,88,296,88,292,87,291,86,291,86,269,85,269,84,269
169,137,183,137,183,145,181,145,181,146,181,163,181,163,183,163,183,189,169,189
180,38,181,38,181,37,181,36,197,36,198,36,198,34,199,34,199,60,181,60,181,59,181,58,180,58
185,226,186,226,187,225,187,180,188,180,189,180,189,177,188,176,187,176,187,161,188,161,189,161,189,93,199,93,199,95,199,95,208,95,208,96,208,97,210,97,210,116,208,116,208,116,208,197,207,197,206,198,206,295,205,295,204,295,204,296,199,296,199,297,199,298,189,298,188,299,188,300,187,300,187,299,186,298,185,298
203,27,204,27,205,27,205,26,215,26,215,43,214,43,213,43,213,70,203,70
208,215,210,215,210,215,210,180,211,180,212,180,212,95,224,95,224,110,223,110,222,111,222,180,221,180,220,180,220,234,219,234,219,234,219,295,210,295,210,295,210,296,208,296
217,29,228,29,228,48,226,48,226,48,226,67,226,67,228,67,228,69,226,69,226,69,226,70,217,70
223,194,224,194,225,194,225,142,226,142,226,142,226,133,228,133,228,135,228,135,237,135,237,159,235,159,235,160,235,241,234,241,233,241,233,260,223,260
