27,87,29,87,29,86,29,84,31,84,31,86,32,87,40,87,41,86,41,84,43,84,43,137,29,137,29,136,29,135,27,135
25,377,27,377,27,376,27,354,29,354,29,354,29,352,31,352,31,354,32,354,43,354,43,405,43,406,45,406,45,410,34,410,34,410,34,412,29,412,29,410,29,410,27,410,27,383,27,383,25,383
48,214,50,214,50,213,50,198,52,198,53,198,53,187,54,187,55,186,55,178,57,178,57,178,57,171,59,171,59,171,59,162,61,162,62,162,62,158,63,158,64,157,64,151,66,151,66,151,66,147,68,147,69,146,69,145,73,145,73,146,73,147,80,147,80,148,80,149,87,149,87,151,87,151,89,151,89,153,89,154,91,154,91,155,89,155,89,156,89,160,87,160,87,160,87,166,85,166,84,167,84,175,83,175,82,176,82,184,80,184,80,185,80,193,78,193,77,194,77,202,76,202,75,203,75,215,73,215,73,216,73,238,71,238,70,238,70,247,71,247,73,247,73,271,73,272,75,272,75,287,76,287,77,287,77,298,78,299,80,299,80,307,80,308,82,308,82,316,83,316,84,316,84,323,85,323,87,323,87,329,87,330,89,330,89,338,87,338,87,339,87,340,83,340,82,341,82,343,76,343,75,343,75,345,73,345,73,345,73,347,66,347,66,341,66,340,64,340,64,334,63,334,62,334,62,330,61,329,59,329,59,323,59,323,57,323,57,314,57,314,55,314,55,305,54,305,53,305,53,292,52,291,50,291,50,272,50,271,48,271
62,13,63,13,64,12,64,11,105,11,106,10,106,8,130,8,130,10,131,11,135,11,136,10,136,8,144,8,144,21,62,21
62,33,144,33,144,35,145,35,147,35,147,44,145,44,144,44,144,48,62,48
62,457,63,457,64,457,64,450,66,450,66,452,66,453,213,453,214,452,214,450,257,450,257,459,249,459,248,459,248,461,242,461,242,459,241,459,228,459,227,459,227,461,219,461,219,459,218,459,205,459,204,459,204,461,198,461,198,459,197,459,156,459,156,459,156,461,64,461,64,459,63,459,62,459
64,464,96,464,96,463,96,462,98,462,98,463,99,464,100,464,101,463,101,462,105,462,105,463,106,464,107,464,108,463,108,462,112,462,112,463,113,464,126,464,126,463,126,462,153,462,153,463,154,464,158,464,159,463,159,462,190,462,190,463,191,464,200,464,200,463,200,462,218,462,218,463,219,464,225,464,226,463,226,462,250,462,250,463,251,464,253,464,253,463,253,462,257,462,257,470,255,470,255,470,255,472,246,472,246,470,246,470,232,470,232,470,232,474,226,474,226,473,225,472,221,472,221,470,220,470,216,470,216,470,216,474,212,474,212,470,211,470,205,470,204,470,204,472,202,472,202,473,202,474,186,474,186,470,186,470,184,470,183,470,183,474,152,474,152,473,151,472,145,472,144,473,144,474,113,474,113,470,112,470,106,470,105,470,105,474,103,474,103,473,103,472,101,472,101,470,100,470,96,470,96,470,96,474,92,474,92,473,91,472,64,472
62,479,63,479,64,479,64,475,96,475,96,474,96,473,100,473,100,474,101,475,105,475,106,474,106,473,112,473,112,474,113,475,183,475,184,474,184,473,186,473,186,474,186,475,204,475,205,474,205,473,211,473,211,474,212,475,216,475,216,474,216,473,220,473,220,474,221,475,232,475,232,474,232,473,243,473,243,474,244,475,257,475,257,486,154,486,153,486,153,488,149,488,149,486,149,486,147,486,147,486,147,488,113,488,113,486,112,486,92,486,91,486,91,488,66,488,66,486,66,486,64,486,64,484,63,483,62,483
154,11,294,11,294,12,295,13,317,13,318,12,318,11,331,11,331,12,332,13,347,13,348,12,348,11,354,11,354,12,355,13,356,13,356,19,350,19,349,20,349,21,336,21,336,20,336,19,306,19,306,20,306,21,295,21,295,20,294,19,251,19,250,20,250,21,246,21,246,20,246,19,230,19,230,20,230,21,223,21,223,20,223,19,209,19,209,20,209,21,202,21,202,20,202,19,159,19,158,20,158,21,156,21,156,20,156,19,154,19
154,29,156,29,156,28,156,26,158,26,158,28,159,29,165,29,165,30,166,31,181,31,182,30,182,29,202,29,202,30,202,31,211,31,212,30,212,29,239,29,239,30,239,31,243,31,244,30,244,29,246,29,246,30,246,31,285,31,285,30,285,29,292,29,292,30,292,31,296,31,297,30,297,29,299,29,299,30,299,31,354,31,354,37,350,37,349,37,349,39,320,39,320,37,319,37,318,37,317,37,317,39,313,39,313,37,313,37,302,37,301,37,301,39,290,39,290,37,290,37,274,37,273,37,273,39,267,39,267,37,266,37,255,37,255,37,255,39,242,39,242,37,241,37,237,37,236,37,236,39,223,39,223,37,223,37,212,37,211,37,211,39,209,39,209,37,209,37,202,37,202,37,202,39,200,39,200,40,200,41,198,41,198,40,197,39,154,39
156,22,158,22,159,21,159,20,202,20,202,21,202,22,209,22,209,21,209,20,223,20,223,21,223,22,230,22,230,21,230,20,246,20,246,21,246,22,250,22,251,21,251,20,269,20,269,21,269,22,285,22,285,21,285,20,292,20,292,21,292,22,313,22,313,21,313,20,322,20,322,21,322,22,324,22,325,21,325,20,336,20,336,21,336,22,354,22,354,28,332,28,331,29,331,30,315,30,315,29,315,28,311,28,310,29,310,30,299,30,299,29,299,28,297,28,296,29,296,30,292,30,292,29,292,28,285,28,285,29,285,30,276,30,276,29,276,28,274,28,273,29,273,30,262,30,262,29,262,28,207,28,206,29,206,30,202,30,202,29,202,28,182,28,181,29,181,30,166,30,166,29,165,28,159,28,159,26,158,26,156,26
198,42,200,42,200,41,200,40,202,40,202,39,202,37,209,37,209,39,209,40,211,40,212,39,212,37,223,37,223,39,223,40,236,40,237,39,237,37,241,37,241,39,242,40,255,40,255,39,255,37,266,37,266,39,267,40,273,40,274,39,274,37,280,37,280,39,281,40,340,40,340,44,329,44,329,44,329,46,327,46,326,46,326,48,325,48,325,46,324,46,255,46,255,46,255,48,200,48,200,46,200,46,198,46
207,127,209,127,209,126,209,122,232,122,232,122,232,120,255,120,255,209,253,209,253,209,253,267,251,267,250,267,250,296,251,296,253,296,253,356,253,357,255,357,255,358,253,358,253,359,253,372,244,372,244,370,243,369,230,369,230,368,230,367,219,367,219,366,218,365,214,365,214,354,216,354,216,354,216,352,216,352,214,352,214,312,213,311,212,311,212,303,213,303,214,303,214,263,213,262,212,262,212,232,213,232,214,231,214,158,213,157,212,157,212,149,211,148,209,148,209,140,209,140,207,140
260,214,262,214,262,213,262,200,264,200,265,200,265,189,266,189,267,189,267,178,269,178,269,178,269,169,271,169,272,169,272,165,280,165,280,166,281,167,287,167,287,169,288,169,290,169,290,173,288,173,287,174,287,180,285,180,285,180,285,186,283,186,283,187,283,195,281,195,280,196,280,207,279,207,278,207,278,233,276,233,276,234,276,253,276,254,278,254,278,278,279,279,280,279,280,294,281,294,283,294,283,300,283,301,285,301,285,307,285,308,287,308,287,314,288,314,290,314,290,318,283,318,283,319,283,320,279,320,278,321,278,323,274,323,274,319,273,318,272,318,272,312,271,311,269,311,269,308,269,307,267,307,267,299,266,298,265,298,265,290,264,289,262,289,262,276,262,276,260,276
283,446,285,446,285,445,285,444,287,444,288,443,288,441,299,441,299,443,299,444,322,444,322,443,322,441,343,441,343,443,343,444,349,444,349,445,350,446,356,446,357,445,357,444,359,444,359,448,359,448,363,448,363,450,359,450,359,450,359,452,355,452,354,453,354,454,345,454,345,453,345,452,315,452,315,453,315,454,311,454,311,453,310,452,285,452,285,450,285,450,283,450
311,87,313,87,313,86,313,84,315,84,315,86,315,87,326,87,326,88,327,89,329,89,329,135,327,135,326,136,326,137,318,137,318,136,317,135,313,135,313,129,313,128,311,128
327,348,329,348,329,347,329,345,340,345,340,347,341,348,343,348,343,390,343,390,345,390,345,412,332,412,332,410,331,410,329,410,329,390,329,390,327,390
327,84,345,84,345,117,343,117,343,118,343,140,329,140,329,138,329,137,327,137,327,136,329,136,329,135,329,89,329,88,327,88
