62,225,64,225,65,224,65,221,71,221,71,221,71,218,77,218,78,217,78,215,102,215,102,217,103,218,105,218,105,224,103,224,102,225,102,227,87,227,86,228,86,230,78,230,77,231,77,233,65,233,65,231,64,230,62,230
65,268,67,268,68,267,68,265,80,265,80,267,81,268,83,268,83,271,84,271,102,271,102,274,103,275,105,275,105,283,81,283,81,281,80,280,75,280,75,278,74,277,68,277,68,275,67,274,65,274
121,231,124,231,125,230,125,228,130,228,130,230,131,231,133,231,133,236,134,237,136,237,136,246,137,246,139,246,139,252,137,252,136,253,136,264,134,264,133,265,133,271,121,271,121,262,124,262,125,261,125,237,124,236,121,236
162,309,164,309,165,308,165,115,186,115,186,389,165,389,165,318,164,317,162,317
200,93,221,93,221,167,221,168,224,168,224,180,221,180,221,181,221,408,203,408,203,384,202,383,200,383,200,353,202,353,203,352,203,325,202,324,200,324,200,300,202,300,203,299,203,184,202,183,200,183,200,181,202,181,203,180,203,162,202,161,200,161
225,181,227,181,228,180,228,178,242,178,242,180,243,181,246,181,246,267,243,267,242,268,242,317,231,317,230,318,230,321,225,321
256,128,258,128,259,127,259,125,277,125,277,374,259,374,259,371,258,371,256,371,256,350,258,350,259,349,259,343,258,342,256,342,256,331,258,331,259,330,259,131,258,130,256,130
281,115,286,115,287,114,287,112,299,112,299,117,300,118,302,118,302,336,300,336,299,337,299,349,300,350,302,350,302,386,300,386,299,387,299,389,281,389,281,237,283,237,284,236,284,184,283,183,281,183
306,87,308,87,309,86,309,84,317,84,317,86,318,87,327,87,327,421,318,421,318,418,317,417,306,417
340,131,361,131,361,133,362,134,364,134,364,158,362,158,361,159,361,167,362,168,364,168,364,171,362,171,361,171,361,299,359,299,358,300,358,342,359,343,361,343,361,364,359,364,358,365,358,367,346,367,346,365,346,364,340,364
365,178,386,178,386,321,371,321,371,321,371,324,368,324,368,321,367,321,365,321
390,193,392,193,393,192,393,184,411,184,411,186,412,187,414,187,414,196,412,196,411,196,411,314,409,314,408,315,408,317,406,317,406,315,405,314,400,314,399,315,399,317,393,317,393,315,392,314,390,314
415,228,417,228,418,227,418,218,439,218,439,267,437,267,436,268,436,286,415,286,415,268,417,268,418,267,418,265,417,264,415,264,415,256,417,256,418,255,418,250,417,249,415,249
