51,70,52,70,52,70,52,69,60,69,60,68,60,67,65,67,65,67,65,66,69,66,69,67,69,67,70,67,70,76,70,77,71,77,71,87,72,87,73,87,73,94,73,94,74,94,74,98,74,98,75,98,75,102,76,102,77,102,77,107,77,107,78,107,78,111,77,111,77,111,77,112,76,112,75,113,75,115,74,115,74,115,74,120,73,120,73,121,73,128,72,128,71,129,71,130,58,130,58,127,57,127,56,127,56,121,56,120,55,120,55,117,56,117,56,116,56,114,56,114,55,114,55,105,55,104,54,104,54,91,53,91,52,91,52,77,52,76,51,76
80,77,80,77,81,76,81,73,82,73,82,74,82,74,84,74,85,74,85,67,88,67,89,67,89,66,95,66,95,67,95,67,97,67,98,67,98,66,99,66,99,67,99,67,100,67,100,95,100,95,101,95,101,128,96,128,96,129,96,130,87,130,87,130,87,131,81,131,81,85,80,84,80,84
101,71,104,71,104,72,104,73,117,73,117,72,117,71,127,71,127,94,126,94,126,94,126,96,125,96,124,97,124,99,122,99,122,99,122,100,120,100,120,99,119,99,117,99,117,98,117,98,114,98,114,98,114,99,112,99,111,99,111,100,110,100,110,101,110,102,108,102,108,99,108,99,107,99,107,91,106,91,105,91,105,90,105,90,104,90,104,89,104,88,103,88,103,86,102,86,101,86
130,59,148,59,148,98,148,98,149,98,149,130,132,130,132,127,132,127,131,127,131,106,131,106,130,106
167,43,170,43,170,43,170,42,175,42,175,42,175,41,181,41,181,40,181,39,184,39,184,40,184,41,185,41,185,47,185,47,186,47,186,52,187,53,188,53,188,59,188,59,189,59,189,66,189,66,190,66,190,76,190,77,191,77,191,119,190,119,190,119,190,130,189,130,189,130,189,139,188,139,188,139,188,144,187,144,186,145,186,147,180,147,180,146,180,146,174,146,174,145,173,144,169,144,169,139,170,139,170,139,170,134,171,134,171,134,171,125,172,125,172,124,172,111,173,111,174,111,174,81,173,80,172,80,172,70,172,70,171,70,171,61,171,60,170,60,170,54,170,54,169,54,169,49,168,48,167,48
206,39,207,39,207,39,207,38,220,38,220,56,220,57,221,57,221,75,221,75,222,75,222,142,211,142,211,122,211,122,210,122,210,81,210,80,209,80,209,57,208,56,207,56,207,42,207,42,206,42
234,74,243,74,243,75,243,75,244,75,244,103,240,103,239,103,239,104,234,104
243,74,244,74,245,74,245,43,256,43,256,50,256,50,257,50,257,52,256,52,256,53,256,99,256,99,259,99,259,102,258,102,257,102,257,130,258,130,259,130,259,134,247,134,247,118,247,118,246,118,246,82,246,82,245,82,245,75,244,75,243,75
256,53,257,53,258,52,258,50,268,50,268,86,258,86,258,69,257,68,256,68
258,102,259,102,259,102,259,99,268,99,268,100,268,101,269,101,269,126,259,126,259,107,259,107,258,107
