12,98,13,98,13,98,13,84,14,84,15,84,15,79,14,78,13,78,13,77,14,77,15,77,15,66,16,66,16,66,16,62,17,62,17,61,17,57,18,57,19,57,19,52,20,52,20,51,20,50,21,50,22,50,22,49,23,49,23,49,23,48,24,48,24,47,24,46,25,46,26,46,26,43,39,43,39,44,40,45,45,45,45,46,45,46,46,46,46,50,45,50,45,50,45,54,44,54,43,55,43,58,42,58,42,59,42,67,41,67,41,67,41,74,40,74,39,74,39,112,40,113,41,113,41,122,41,122,42,122,42,131,42,131,43,131,43,136,44,137,45,137,45,140,45,141,46,141,46,146,46,146,47,146,47,147,48,148,49,148,49,149,49,149,50,149,50,150,51,151,56,151,56,155,56,155,60,155,60,155,60,153,61,153,62,153,62,149,64,149,64,149,64,148,65,148,65,149,66,149,67,149,67,150,67,151,68,151,68,152,66,152,65,152,65,156,64,156,64,156,64,160,63,160,63,161,63,162,62,162,61,162,61,163,52,163,52,163,52,164,38,164,38,165,38,166,26,166,26,165,25,164,23,164,23,161,23,160,22,160,22,158,21,157,20,157,20,151,20,150,19,150,19,142,18,142,17,142,17,137,17,136,16,136,16,129,16,129,15,129,15,122,14,122,13,122,13,113,13,112,12,112
42,76,43,76,44,75,44,64,45,64,45,64,45,52,46,52,46,51,46,50,58,50,58,54,57,54,57,55,57,61,56,61,56,62,56,70,55,70,54,70,54,101,55,101,56,101,56,118,56,118,57,118,57,126,57,127,58,127,58,135,59,135,60,135,60,136,53,136,53,137,53,138,49,138,49,138,49,139,48,139,48,137,47,136,46,136,46,128,46,128,45,128,45,118,45,118,44,118,44,101,43,101,42,101
60,46,61,46,62,46,62,42,63,42,63,42,63,40,67,40,67,40,67,39,81,39,81,40,81,40,82,40,82,50,81,50,81,50,81,53,81,53,82,53,82,92,81,92,81,93,81,106,81,107,82,107,82,121,82,121,83,121,83,135,84,135,85,135,85,142,85,142,86,142,86,147,85,147,85,148,85,150,67,150,67,149,67,149,66,149,66,148,65,147,64,147,64,146,65,146,66,146,66,145,65,145,64,145,64,139,64,139,63,139,63,132,63,132,62,132,62,125,61,125,60,125
81,93,82,93,82,92,82,87,83,87,84,87,84,72,85,72,85,71,85,57,86,57,86,57,86,24,98,24,98,27,99,28,100,28,100,68,99,68,98,69,98,85,97,85,97,86,97,126,97,127,98,127,98,135,99,135,100,135,100,139,100,139,101,139,101,145,102,145,103,145,103,149,103,149,104,149,104,153,104,153,105,153,105,156,106,156,107,156,107,162,107,162,108,162,108,164,107,164,107,165,107,166,102,166,101,166,101,167,99,167,98,168,98,169,93,169,93,165,93,164,92,164,92,159,92,159,91,159,91,155,90,155,89,155,89,149,89,149,88,149,87,149,87,150,85,150,85,148,87,148,88,147,88,145,87,145,86,145,86,142,86,142,85,142,85,135,85,135,84,135,84,121,83,121,82,121,82,107,82,106,81,106
103,93,104,93,104,92,104,77,105,77,106,77,106,60,107,60,107,60,107,53,108,53,108,54,108,55,119,55,120,54,120,53,127,53,127,99,126,99,126,100,126,125,125,125,125,125,125,126,110,126,110,127,110,128,106,128,106,127,105,126,103,126
131,22,132,22,132,22,132,5,133,5,133,5,133,4,136,4,136,5,136,5,151,5,151,6,151,7,152,7,152,12,151,12,151,12,151,13,151,14,152,14,152,32,153,32,154,32,154,47,154,48,155,48,155,60,155,60,156,60,156,70,157,70,158,70,158,90,158,90,159,90,159,95,160,96,161,96,161,112,161,113,162,113,162,128,161,128,161,128,161,131,150,131,150,129,150,129,137,129,137,108,137,108,136,108,136,90,136,90,135,90,135,76,134,75,133,75,133,60,133,60,132,60,132,48,132,47,131,47
137,129,150,129,150,131,150,131,151,131,151,132,151,132,152,132,152,135,151,135,151,135,151,155,151,155,152,155,152,176,142,176,142,173,141,173,140,173,140,158,140,157,139,157,139,134,138,133,137,133
151,135,152,135,153,135,153,134,159,134,160,133,160,132,165,132,165,133,164,133,163,134,163,157,164,158,165,158,165,176,162,176,162,176,162,177,154,177,154,162,154,162,153,162,153,138,152,138,151,138
157,53,158,53,158,53,158,43,159,43,160,43,160,36,161,36,161,36,161,29,162,29,162,29,162,24,163,24,164,23,164,18,165,18,165,18,165,12,166,12,166,12,166,8,167,8,168,8,168,7,180,7,180,9,180,9,181,9,181,13,182,14,191,14,191,15,191,15,194,15,194,22,193,22,192,22,192,40,193,40,194,40,194,42,194,42,195,42,195,44,195,45,196,45,196,50,195,50,195,50,195,53,194,53,194,53,194,57,193,57,192,57,192,61,191,61,191,62,191,80,190,80,190,80,190,114,190,114,191,114,191,126,191,127,192,127,192,136,193,137,194,137,194,143,194,144,195,144,195,153,195,153,196,153,196,160,197,161,198,161,198,177,195,177,195,177,195,179,179,179,178,179,178,180,176,180,176,179,176,179,175,179,175,177,174,177,173,177,173,170,173,170,172,170,172,163,172,163,171,163,171,155,170,155,169,155,169,146,169,146,168,146,168,141,167,140,166,140,166,135,166,135,165,135,165,132,165,132,164,132,164,131,163,131,162,131,162,129,162,129,161,129,161,128,162,128,162,128,162,113,162,112,161,112,161,96,161,95,160,95,160,90,159,90,158,90,158,70,158,70,157,70
193,90,194,90,194,90,194,80,195,80,195,80,195,72,196,72,197,71,197,64,198,64,198,64,198,53,199,53,200,53,200,21,199,20,198,20,198,14,198,13,197,13,197,7,196,6,195,6,195,1,196,1,197,1,197,0,209,0,209,3,209,4,210,4,210,9,211,9,212,9,212,18,212,18,213,18,213,27,213,28,214,28,214,49,213,49,213,49,213,58,212,58,212,59,212,73,211,73,210,73,210,91,209,91,209,91,209,125,209,125,210,125,210,131,211,131,212,131,212,136,212,137,213,137,213,142,213,142,214,142,214,146,215,146,216,146,216,150,216,151,217,151,217,156,217,156,218,156,218,159,219,159,220,159,220,166,219,166,218,166,218,167,215,167,214,168,214,169,211,169,210,169,210,170,205,170,205,168,205,167,204,167,204,162,203,162,202,162,202,156,202,156,201,156,201,152,201,152,200,152,200,148,199,147,198,147,198,144,198,143,197,143,197,137,196,136,195,136,195,131,195,131,194,131,194,124,194,123,193,123
217,45,218,45,219,44,219,38,220,38,220,37,220,36,230,36,230,37,230,38,246,38,246,39,246,39,247,39,247,43,248,43,249,43,249,47,248,47,247,48,247,78,248,79,249,79,249,91,249,91,250,91,250,99,251,100,252,100,252,114,252,114,253,114,253,126,253,127,254,127,254,136,255,137,256,137,256,143,253,143,253,144,253,145,235,145,235,145,235,146,226,146,226,145,225,145,224,145,224,134,224,133,223,133,223,124,223,123,222,123,222,113,221,112,220,112,220,103,220,102,219,102,219,79,218,78,217,78
296,38,305,38,306,37,306,36,311,36,311,37,311,38,312,38,312,44,311,44,311,45,311,46,311,46,312,46,312,73,313,73,314,73,314,88,314,88,315,88,315,102,315,103,316,103,316,122,317,122,318,122,318,140,308,140,308,141,308,142,304,142,304,121,304,121,303,121,303,110,303,109,302,109,302,100,301,99,300,99,300,83,300,82,299,82,299,64,298,64,297,64,297,55,297,54,296,54
