79,187,80,187,81,186,81,185,88,185,88,186,89,187,91,187,91,199,89,199,88,199,88,209,89,209,91,209,91,305,91,306,93,306,93,309,81,309,81,231,80,231,79,231
99,183,126,183,126,184,126,185,128,185,128,203,126,203,126,203,126,205,124,205,124,205,124,207,124,207,126,207,126,225,126,225,128,225,128,235,126,235,126,235,126,241,126,241,128,241,128,245,126,245,126,245,126,251,126,252,128,252,128,314,101,314,101,217,101,217,99,217
137,247,138,247,139,247,139,241,141,241,141,241,141,235,143,235,143,235,143,231,145,231,145,231,145,225,155,225,155,227,156,227,161,227,161,231,160,231,159,231,159,235,158,235,157,235,157,239,156,239,155,239,155,243,154,243,153,243,153,249,151,249,151,250,151,253,149,253,149,254,149,255,147,255,147,254,147,253,141,253,141,252,141,251,139,251,138,252,138,253,137,253
141,272,143,272,143,271,143,268,145,268,145,267,145,264,147,264,147,263,147,262,149,262,149,261,149,258,151,258,151,257,151,254,153,254,154,253,154,247,155,247,156,247,156,243,157,243,158,243,158,239,159,239,160,239,160,235,161,235,162,235,162,233,163,233,164,233,164,227,165,227,166,227,166,221,168,221,168,221,168,215,186,215,186,217,187,217,188,217,188,221,187,221,186,221,186,225,185,225,184,225,184,229,183,229,182,229,182,233,181,233,180,233,180,235,178,235,178,235,178,239,176,239,176,239,176,243,174,243,174,243,174,247,172,247,172,247,172,251,170,251,170,252,170,253,168,253,168,254,168,259,166,259,165,260,165,261,164,261,163,262,163,265,162,265,161,266,161,269,160,269,159,270,159,275,143,275,143,274,143,273,141,273
162,129,176,129,176,189,176,189,178,189,178,203,174,203,174,203,174,205,166,205,166,193,165,193,164,193,164,161,163,160,162,160
162,270,163,270,164,269,164,266,165,266,166,265,166,260,168,260,168,259,168,256,170,256,170,255,170,252,172,252,172,251,172,250,174,250,174,249,174,245,176,245,176,245,176,241,178,241,178,241,178,239,180,239,181,239,181,235,197,235,197,243,195,243,195,243,195,247,193,247,193,247,193,251,191,251,190,252,190,255,189,255,188,256,188,259,187,259,186,260,186,263,185,263,184,264,184,269,183,269,182,270,182,271,181,271,180,272,180,273,176,273,176,272,176,271,168,271,168,272,168,273,164,273,164,272,163,271,162,271
164,290,165,290,166,289,166,288,178,288,178,291,178,292,180,292,180,348,181,348,182,348,182,366,172,366,172,366,172,368,170,368,170,366,170,366,168,366,168,364,168,364,166,364,166,324,165,324,164,324
203,213,205,213,206,213,206,211,207,211,208,211,208,209,213,209,213,211,214,211,215,211,215,213,216,213,218,213,218,215,218,215,220,215,220,219,220,219,222,219,222,225,222,225,224,225,224,233,224,233,226,233,226,257,224,257,224,258,224,265,222,265,222,266,222,271,220,271,220,272,220,275,218,275,218,276,218,279,216,279,215,280,215,281,214,281,213,282,213,285,212,285,212,284,211,283,208,283,208,282,207,281,206,281,206,280,205,279,203,279,203,278,205,278,206,277,206,274,207,274,208,273,208,270,209,270,210,269,210,266,211,266,212,265,212,258,213,258,214,257,214,237,213,237,212,237,212,229,211,229,210,229,210,225,209,225,208,225,208,223,207,223,206,223,206,219,205,219,203,219
203,189,205,189,206,189,206,187,207,187,208,186,208,185,209,185,210,184,210,181,211,181,212,180,212,179,218,179,218,180,218,181,220,181,220,182,220,183,222,183,222,184,222,185,224,185,224,186,224,187,226,187,226,189,226,189,228,189,228,193,228,193,230,193,230,195,231,195,232,195,232,199,233,199,234,199,234,201,235,201,236,201,236,205,237,205,238,205,238,209,239,209,240,209,240,213,241,213,242,213,242,217,243,217,245,217,245,223,245,223,247,223,247,233,247,233,249,233,249,263,247,263,247,264,247,271,245,271,245,272,245,275,243,275,242,276,242,281,241,281,240,282,240,285,239,285,238,286,238,287,237,287,236,288,236,291,235,291,234,292,234,295,233,295,232,296,232,297,231,297,230,298,230,299,228,299,228,300,228,301,226,301,226,302,226,305,224,305,224,306,224,307,222,307,222,308,222,309,220,309,220,310,220,311,218,311,218,312,218,314,216,314,216,312,215,311,212,311,212,310,211,309,210,309,210,306,209,305,208,305,208,304,207,303,206,303,206,298,207,298,208,297,208,296,209,296,210,295,210,294,211,294,212,293,212,292,213,292,214,291,214,288,215,288,216,287,216,286,218,286,218,285,218,284,220,284,220,283,220,280,222,280,222,279,222,278,224,278,224,277,224,274,226,274,226,273,226,268,228,268,228,267,228,262,230,262,231,261,231,235,230,235,228,235,228,229,228,229,226,229,226,223,226,223,224,223,224,219,224,219,222,219,222,215,222,215,220,215,220,211,220,211,218,211,218,209,218,209,216,209,216,207,215,207,214,207,214,205,213,205,212,205,212,201,211,201,210,201,210,199,209,199,208,199,208,197,207,197,206,197,206,195,205,195,203,195
233,0,253,0,253,35,247,35,247,36,247,37,233,37
253,0,267,0,267,29,268,30,270,30,270,33,260,33,259,34,259,35,253,35
258,169,270,169,270,241,270,241,272,241,272,324,260,324,260,320,261,320,262,320,262,316,261,316,260,316,260,207,259,207,258,207
268,0,295,0,295,5,293,5,292,6,292,33,270,33,270,30,270,29,268,29
