67,358,76,358,76,360,77,361,79,361,79,367,79,368,81,368,81,369,82,370,83,370,83,376,79,376,79,377,79,379,77,379,77,377,76,376,75,376,75,372,74,372,72,372,72,368,72,367,70,367,70,365,69,365,67,365
77,351,93,351,93,353,93,354,95,354,95,358,96,358,97,358,97,367,98,368,100,368,100,372,100,372,102,372,102,379,103,379,104,379,104,385,105,386,107,386,107,392,107,393,109,393,109,397,110,398,111,398,111,404,112,405,114,405,114,411,112,411,112,409,111,409,105,409,105,407,104,406,103,406,103,405,102,404,100,404,100,400,100,399,98,399,98,395,97,395,96,395,96,391,95,390,93,390,93,386,93,385,91,385,91,379,90,379,89,379,89,375,88,374,86,374,86,370,86,369,84,369,84,365,83,365,82,365,82,361,81,360,79,360,79,356,79,355,77,355
112,388,123,388,123,397,124,398,125,398,125,402,126,402,128,402,128,409,126,409,126,407,125,406,119,406,119,405,118,404,117,404,117,398,116,397,114,397,114,393,114,392,112,392
138,245,140,245,140,244,140,233,142,233,142,233,142,226,144,226,145,226,145,222,147,222,147,221,147,219,149,219,150,219,150,215,154,215,154,217,154,217,156,217,156,219,157,219,158,219,158,221,159,222,163,222,163,223,164,224,165,224,165,226,166,226,170,226,170,233,168,233,168,233,168,235,166,235,165,236,165,237,164,237,163,238,163,247,161,247,161,247,161,258,161,259,163,259,163,265,164,266,165,266,165,270,166,270,168,270,168,274,168,275,170,275,170,277,171,277,172,277,172,279,173,280,175,280,175,281,175,282,177,282,177,284,178,284,179,284,179,286,180,287,182,287,182,288,182,289,184,289,184,291,185,291,186,291,186,293,187,293,189,293,189,295,189,296,191,296,191,298,192,298,193,298,193,300,192,300,191,300,191,302,189,302,189,303,189,304,185,304,184,305,184,307,182,307,182,305,182,304,178,304,178,303,177,302,173,302,173,300,172,300,171,300,171,298,170,298,168,298,168,296,168,295,166,295,166,293,165,293,161,293,161,289,161,288,159,288,159,287,158,286,157,286,157,284,156,284,154,284,154,282,154,281,152,281,152,277,151,277,150,277,150,275,149,274,147,274,147,270,147,270,145,270,145,266,144,265,142,265,142,261,142,260,140,260,140,247,140,247,138,247
196,254,208,254,208,256,208,256,210,256,210,267,210,268,212,268,212,274,213,275,215,275,215,277,206,277,205,277,205,279,203,279,203,277,203,277,201,277,201,266,200,265,199,265,199,259,198,258,196,258
208,252,210,252,210,251,210,250,219,250,219,254,220,254,222,254,222,263,222,263,224,263,224,274,225,275,226,275,226,284,217,284,217,282,217,281,215,281,215,270,215,270,213,270,213,261,212,260,210,260,210,254,210,254,208,254
208,217,210,217,210,217,210,210,212,210,213,210,213,203,224,203,224,205,225,206,229,206,229,207,229,208,233,208,233,210,234,210,238,210,238,212,239,212,245,212,245,214,246,215,247,215,247,217,248,217,252,217,252,219,253,219,259,219,259,221,260,222,261,222,261,223,262,224,264,224,264,226,264,226,266,226,266,228,267,229,268,229,268,230,269,231,271,231,271,233,271,233,273,233,273,237,274,238,275,238,275,240,276,240,278,240,278,242,278,243,280,243,280,247,281,247,283,247,283,251,283,252,285,252,285,256,285,256,287,256,287,267,288,268,290,268,290,281,288,281,287,282,287,288,285,288,285,289,285,293,283,293,283,293,283,295,281,295,280,296,280,300,278,300,278,300,278,302,276,302,275,303,275,304,274,304,273,305,273,307,271,307,271,307,271,309,269,309,268,310,268,311,264,311,264,312,264,314,260,314,259,314,259,316,250,316,250,317,250,318,243,318,243,319,243,321,241,321,241,319,240,318,239,318,239,317,238,316,236,316,236,314,236,314,234,314,234,310,233,309,232,309,232,305,233,305,234,304,234,303,240,303,241,302,241,300,245,300,246,300,246,298,250,298,250,298,250,296,252,296,253,295,253,291,254,291,255,291,255,289,257,289,257,288,257,287,259,287,260,286,260,280,261,280,262,279,262,266,261,265,260,265,260,259,259,258,257,258,257,254,257,254,255,254,255,250,254,249,253,249,253,247,252,247,250,247,250,245,250,244,248,244,248,243,247,242,246,242,246,240,245,240,243,240,243,238,243,237,241,237,241,236,240,235,236,235,236,233,236,233,234,233,234,231,233,230,225,230,225,229,224,228,215,228,215,226,215,226,210,226,210,224,210,223,208,223
236,148,238,148,239,147,239,145,250,145,250,154,250,155,252,155,252,170,253,171,254,171,254,186,255,187,257,187,257,198,257,199,259,199,259,203,250,203,250,203,250,205,246,205,246,203,245,203,243,203,243,194,243,193,241,193,241,185,240,184,239,184,239,175,238,175,236,175
255,145,271,145,271,159,271,159,273,159,273,177,274,178,275,178,275,198,276,199,278,199,278,217,278,217,280,217,280,223,278,223,278,224,278,226,271,226,271,224,271,223,269,223,269,222,268,221,267,221,267,217,266,217,264,217,264,212,264,212,262,212,262,196,261,196,260,196,260,180,259,179,257,179,257,164,257,163,255,163
302,106,304,106,304,108,304,108,306,108,307,108,307,106,311,106,311,117,311,118,313,118,313,140,314,141,315,141,315,142,314,142,313,143,313,145,307,145,307,143,306,142,304,142,304,127,304,126,302,126
304,481,306,481,307,480,307,458,308,458,309,457,309,444,311,444,311,443,311,437,320,437,320,448,318,448,318,449,318,464,316,464,315,465,315,485,307,485,307,483,306,483,304,483
