7,274,8,274,9,273,9,266,10,266,10,266,10,259,11,259,12,258,12,253,13,253,13,252,13,247,14,247,15,247,15,242,16,242,16,242,16,237,17,237,18,236,18,232,19,232,19,232,19,228,20,228,21,227,21,223,22,223,22,223,22,219,23,219,24,218,24,214,25,214,25,214,25,210,26,210,27,210,27,205,28,205,28,205,28,200,29,200,30,199,30,195,31,195,31,195,31,189,32,189,33,189,33,186,34,186,34,186,34,180,35,180,36,180,36,176,37,176,37,175,37,171,38,171,39,171,39,165,40,165,40,165,40,160,41,160,42,159,42,154,43,154,43,153,43,149,44,149,45,149,45,145,46,145,46,144,46,139,47,139,48,138,48,134,49,134,49,134,49,128,50,128,51,128,51,124,52,124,52,124,52,120,53,120,54,119,54,117,55,117,55,116,55,112,56,112,57,112,57,108,58,108,58,107,58,103,59,103,60,103,60,102,68,102,68,103,69,103,73,103,73,103,73,102,88,102,88,107,87,107,86,108,86,113,85,113,85,114,85,121,84,121,83,121,83,131,82,131,82,131,82,138,81,138,80,139,80,147,79,147,79,148,79,158,78,158,77,158,77,167,76,167,76,167,76,171,75,171,74,171,74,175,73,175,73,176,73,180,72,180,71,180,71,183,70,183,70,183,70,187,69,187,68,188,68,193,67,193,67,194,67,205,66,205,65,205,65,221,64,221,64,222,64,230,63,230,62,231,62,239,61,239,61,240,61,251,60,251,59,251,59,257,58,257,58,257,58,276,57,276,56,277,56,295,55,295,55,296,55,300,54,300,53,300,53,301,52,301,52,302,52,303,34,303,34,302,34,301,16,301,16,300,16,300,15,300,15,299,14,298,13,298,13,296,13,295,12,295,12,294,11,294,9,294,9,293,10,293,10,292,10,291,11,291,12,291,12,282,11,282,10,282,10,281,10,281,9,281,9,277,8,276,7,276
79,288,80,288,81,288,81,282,82,282,82,282,82,275,83,275,84,275,84,268,85,268,85,267,85,259,86,259,87,258,87,251,88,251,88,251,88,242,89,242,90,242,90,235,91,235,91,235,91,226,92,226,93,226,93,219,94,219,94,218,94,211,95,211,96,211,96,208,106,208,106,218,105,218,104,219,104,226,103,226,103,226,103,235,102,235,101,235,101,242,100,242,100,242,100,250,99,250,98,250,98,258,97,258,97,259,97,267,96,267,95,268,95,276,94,276,94,277,94,284,93,284,92,284,92,290,91,290,91,290,91,294,90,294,90,293,89,292,82,292,82,291,82,291,79,291
100,260,101,260,102,260,102,253,103,253,103,252,103,244,104,244,105,244,105,235,106,235,106,235,106,225,107,225,108,224,108,213,113,213,113,214,114,214,115,214,115,214,115,213,116,213,116,214,117,214,118,214,118,221,117,221,116,222,116,223,117,223,118,223,118,227,117,227,116,228,116,230,115,230,115,231,115,233,115,234,116,234,116,236,115,236,115,237,115,239,114,239,113,240,113,245,112,245,112,245,112,255,111,255,110,256,110,266,109,266,109,266,109,267,106,267,106,266,106,266,100,266
105,179,106,179,106,178,106,171,107,171,108,171,108,164,109,164,109,164,109,161,110,161,111,161,111,157,112,157,112,156,112,154,113,154,114,153,114,151,115,151,115,150,115,149,116,149,117,149,117,146,118,146,118,146,118,143,119,143,120,143,120,139,121,139,121,138,121,133,122,133,123,132,123,127,124,127,124,127,124,120,125,120,126,119,126,117,127,117,127,116,127,115,146,115,147,115,147,114,151,114,151,118,150,118,149,118,149,122,148,122,148,122,148,128,147,128,146,128,146,132,145,132,145,133,145,137,144,137,143,137,143,141,142,141,142,142,142,146,141,146,140,146,140,149,139,149,139,149,139,153,138,153,137,154,137,156,136,156,136,157,136,159,135,159,134,160,134,164,133,164,133,164,133,167,132,167,131,167,131,170,130,170,130,170,130,174,129,174,128,174,128,178,127,178,127,179,127,183,126,183,125,183,125,184,124,184,124,185,124,186,121,186,121,186,121,187,120,187,119,188,119,189,117,189,116,189,116,190,105,190
108,62,109,62,109,61,109,59,113,59,114,58,114,57,115,57,115,58,115,59,118,59,118,58,118,57,128,57,129,57,129,56,134,56,135,55,135,54,145,54,145,57,145,57,146,57,146,76,147,77,148,77,148,79,148,80,149,80,149,84,150,84,151,84,151,88,151,88,152,88,152,95,153,96,154,96,154,101,154,102,155,102,155,106,153,106,152,106,152,107,148,107,148,108,148,109,135,109,134,109,134,110,129,110,129,106,128,106,127,106,127,105,127,104,126,104,126,100,125,100,124,100,124,97,124,97,123,97,123,93,122,92,121,92,121,91,121,91,120,91,119,91,119,95,114,95,113,96,113,97,109,97,109,65,109,64,108,64
111,269,112,269,112,269,112,257,113,257,114,257,114,245,115,245,115,245,115,237,116,237,117,236,117,228,118,228,118,227,118,214,127,214,127,215,127,216,128,216,128,227,127,227,127,228,127,233,126,233,125,234,125,241,124,241,124,241,124,251,123,251,122,251,122,261,121,261,121,262,121,275,120,275,119,275,119,276,118,276,118,275,118,275,112,275,112,274,112,273,111,273
121,281,122,281,123,281,123,269,124,269,124,269,124,257,125,257,126,257,126,242,127,242,127,242,127,228,128,228,129,227,129,216,130,216,130,215,130,213,136,213,136,214,136,214,137,214,138,214,138,213,139,213,139,214,139,214,140,214,140,220,139,220,139,220,139,232,138,232,137,232,137,242,136,242,136,242,136,254,135,254,134,254,134,261,135,262,136,262,136,263,135,263,134,263,134,275,133,275,133,275,133,285,133,285,134,285,134,287,133,287,133,287,133,290,132,290,131,290,131,291,129,291,129,290,128,290,123,290,123,288,122,288,121,288
133,281,134,281,135,281,135,263,136,263,136,263,136,251,137,251,138,251,138,241,139,241,139,241,139,228,140,228,141,227,141,216,142,216,142,215,142,213,152,213,152,227,151,227,151,228,151,241,150,241,149,241,149,252,148,252,148,253,148,258,147,258,146,259,146,275,145,275,145,275,145,288,139,288,139,287,139,287,136,287,136,287,136,288,135,288,135,285,134,285,133,285
147,274,148,274,148,273,148,253,149,253,150,252,150,241,151,241,151,241,151,228,152,228,153,227,153,211,161,211,161,212,162,213,166,213,166,214,165,214,164,214,164,223,163,223,163,223,163,242,162,242,161,242,161,258,160,258,160,259,160,278,159,278,158,278,158,279,148,279,148,277,148,276,147,276
156,155,157,155,157,155,157,142,163,142,163,143,163,143,164,143,164,144,163,144,163,145,163,146,163,146,164,146,164,147,163,147,163,148,163,156,162,156,161,157,161,159,162,160,163,160,163,161,162,161,161,161,161,171,156,171
162,161,163,161,163,161,163,148,164,148,165,147,165,134,166,134,166,134,166,133,172,133,172,134,171,134,170,134,170,152,169,152,169,152,169,171,168,171,167,171,167,181,162,181
201,302,202,302,202,301,202,297,203,297,204,297,204,293,205,293,205,292,205,290,206,290,207,290,207,288,212,288,212,290,213,290,214,290,214,291,213,291,212,291,212,292,211,292,211,293,211,295,210,295,209,296,209,300,208,300,208,300,208,306,207,306,206,306,206,319,201,319
