90,126,110,126,111,125,111,124,122,124,122,123,122,121,129,121,129,121,129,119,135,119,135,121,136,121,138,121,138,123,136,123,135,124,135,125,136,126,138,126,138,140,138,140,140,140,140,156,141,157,142,157,142,163,143,164,145,164,145,184,145,185,147,185,147,236,145,236,145,236,145,238,104,238,104,236,103,236,99,236,99,234,98,233,97,233,97,227,96,226,94,226,94,215,94,215,92,215,92,185,92,184,90,184
148,119,149,119,150,118,150,117,198,117,198,118,199,119,200,119,200,125,201,126,203,126,203,133,201,133,200,133,200,236,201,236,203,236,203,240,201,240,200,241,200,243,189,243,189,243,189,245,162,245,162,234,163,234,164,233,164,232,163,231,162,231,162,199,161,198,159,198,159,185,159,184,157,184,157,180,156,179,155,179,155,173,154,172,152,172,152,159,152,158,150,158,150,150,152,150,152,149,152,142,152,142,150,142,150,126,149,125,148,125
215,152,217,152,217,151,217,133,219,133,219,133,219,131,228,131,228,133,229,133,240,133,240,133,240,131,256,131,256,135,256,135,258,135,258,140,259,140,260,140,260,154,259,154,258,154,258,158,259,159,260,159,260,161,259,161,258,161,258,233,254,233,254,234,254,236,233,236,233,236,233,238,219,238,219,192,219,191,217,191,217,159,217,158,215,158
256,131,260,131,261,130,261,119,265,119,266,118,266,117,270,117,270,116,270,114,277,114,277,114,277,112,295,112,295,254,280,254,280,253,279,252,263,252,263,250,263,250,261,250,261,232,260,231,259,231,259,229,260,229,261,229,261,159,260,158,259,158,259,154,260,154,261,154,261,140,260,140,259,140,259,135,258,135,256,135
324,276,325,276,326,275,326,269,328,269,328,268,328,260,330,260,331,259,331,253,332,253,333,252,333,246,335,246,335,245,335,236,337,236,337,236,337,229,339,229,340,229,340,220,342,220,342,219,342,210,344,210,344,210,344,157,344,156,342,156,342,145,342,144,340,144,340,133,339,133,337,133,337,124,337,123,335,123,335,114,335,114,333,114,333,107,332,107,331,107,331,100,330,100,328,100,328,96,328,95,326,95,326,86,328,86,328,86,328,84,335,84,335,83,335,82,344,82,344,81,344,79,348,79,349,79,349,77,355,77,355,83,356,84,358,84,358,93,358,93,360,93,360,102,361,103,362,103,362,109,363,110,365,110,365,118,365,119,367,119,367,128,368,128,369,128,369,137,370,138,372,138,372,149,372,150,374,150,374,175,375,175,376,175,376,196,375,196,374,196,374,219,372,219,372,220,372,231,370,231,369,232,369,240,368,240,367,241,367,247,365,247,365,248,365,257,363,257,362,257,362,264,361,264,360,264,360,271,358,271,358,271,358,280,356,280,355,281,355,287,354,287,353,288,353,294,349,294,349,292,348,292,344,292,344,290,344,290,337,290,337,288,337,287,331,287,331,285,330,285,324,285
400,150,406,150,406,151,407,152,409,152,409,151,409,150,411,150,411,151,412,152,413,152,413,170,412,170,411,171,411,177,412,178,413,178,413,179,412,179,411,180,411,203,412,203,413,203,413,208,412,208,411,208,411,210,400,210
412,150,413,150,414,149,414,140,425,140,425,158,425,159,427,159,427,161,425,161,425,161,425,210,425,210,427,210,427,229,425,229,425,229,425,231,412,231,412,215,413,215,414,215,414,152,413,151,412,151
425,229,427,229,428,229,428,135,429,135,429,137,430,138,441,138,441,140,439,140,439,140,439,238,425,238
446,161,455,161,455,172,453,172,453,173,453,175,453,175,455,175,455,179,453,179,453,180,453,210,453,210,455,210,455,212,446,212
458,166,460,166,460,165,460,164,471,164,471,168,472,168,473,168,473,210,460,210,460,175,460,175,458,175
474,187,476,187,476,186,476,161,483,161,483,163,483,164,485,164,485,165,483,165,483,166,483,186,483,187,485,187,485,191,483,191,483,192,483,205,483,206,485,206,485,212,476,212,476,210,476,210,474,210,474,194,476,194,476,193,476,189,476,189,474,189
483,161,485,161,486,161,486,154,492,154,492,219,483,219,483,213,485,213,486,212,486,206,485,205,483,205,483,192,485,192,486,191,486,187,485,186,483,186,483,185,485,185,486,184,486,164,485,163,483,163
495,173,497,173,497,172,497,171,499,171,499,203,497,203,497,203,497,205,495,205
