23,145,45,145,45,354,38,354,38,352,37,351,33,351,32,352,32,354,25,354,25,262,24,261,23,261,23,245,24,245,25,244,25,162,24,161,23,161
28,15,32,15,33,14,33,12,45,12,45,14,46,15,47,15,48,14,48,12,76,12,76,14,76,15,229,15,229,16,230,17,231,17,231,24,230,24,229,25,229,26,227,26,226,27,226,29,30,29,30,27,30,26,28,26
28,35,30,35,30,34,30,30,226,30,227,29,227,27,229,27,229,29,230,30,244,30,244,31,245,32,247,32,247,31,247,30,277,30,278,29,278,27,313,27,313,29,314,30,367,30,367,41,365,41,364,42,364,44,28,44
28,45,303,45,303,59,273,59,272,60,272,61,265,61,265,60,265,59,263,59,262,60,262,61,260,61,260,60,260,59,247,59,247,60,247,61,235,61,235,60,234,59,214,59,214,60,214,61,207,61,207,60,206,59,53,59,53,60,53,61,46,61,46,60,45,59,35,59,35,60,35,61,30,61,30,60,30,59,28,59
94,400,96,400,97,399,97,387,99,387,99,386,99,372,101,372,102,371,102,360,104,360,104,359,104,347,106,347,107,346,107,337,109,337,109,336,109,325,111,325,112,324,112,317,114,317,115,316,115,310,116,310,117,309,117,302,119,302,120,301,120,295,122,295,122,294,122,287,124,287,125,286,125,280,127,280,127,279,127,275,129,275,130,274,130,270,132,270,132,269,132,262,134,262,135,261,135,260,137,260,138,259,138,252,139,252,140,251,140,247,142,247,143,246,143,242,145,242,145,241,145,237,147,237,148,236,148,232,150,232,150,231,150,227,152,227,153,226,153,220,155,220,155,219,155,212,157,212,158,211,158,207,160,207,161,206,161,197,162,197,163,196,163,190,165,190,166,189,166,180,168,180,168,179,168,167,170,167,171,166,171,152,173,152,173,151,173,122,175,122,176,121,176,92,178,92,178,91,178,77,180,77,181,76,181,72,188,72,189,71,189,70,224,70,224,69,224,67,267,67,267,69,268,70,277,70,277,89,278,90,280,90,280,91,281,92,283,92,283,91,283,90,285,90,285,96,283,96,283,97,283,101,281,101,280,102,280,111,281,112,283,112,283,116,283,117,285,117,285,129,283,129,283,130,283,131,281,131,280,132,280,134,278,134,277,135,277,136,276,136,275,137,275,139,263,139,263,135,262,134,258,134,258,132,257,131,255,131,254,132,254,134,253,134,252,135,252,139,250,139,249,140,249,144,247,144,247,145,247,146,245,146,244,147,244,154,242,154,242,155,242,159,240,159,239,160,239,164,237,164,237,165,237,174,235,174,234,175,234,181,232,181,231,182,231,189,230,189,229,190,229,196,227,196,226,197,226,204,224,204,224,205,224,211,222,211,221,212,221,216,219,216,219,217,219,221,217,221,216,222,216,229,214,229,214,230,214,236,212,236,211,237,211,241,209,241,208,242,208,246,207,246,206,247,206,254,204,254,203,255,203,259,201,259,201,260,201,264,199,264,198,265,198,266,196,266,196,267,196,271,194,271,193,272,193,279,191,279,191,280,191,284,189,284,188,285,188,289,186,289,185,290,185,294,184,294,183,295,183,301,181,301,180,302,180,309,178,309,178,310,178,316,176,316,175,317,175,324,173,324,173,325,173,329,171,329,170,330,170,336,168,336,168,337,168,344,166,344,165,345,165,354,163,354,162,355,162,364,161,364,160,365,160,379,158,379,157,380,157,394,155,394,155,395,155,421,150,421,150,422,150,424,122,424,122,422,122,421,99,421,99,422,99,424,94,424
102,460,104,460,104,459,104,452,106,452,107,451,107,442,109,442,109,441,109,440,114,440,115,439,115,437,129,437,130,436,130,435,145,435,145,436,145,437,214,437,214,439,214,440,219,440,219,441,219,442,221,442,221,444,222,445,224,445,224,446,224,447,237,447,237,459,237,460,239,460,239,461,237,461,237,462,237,464,227,464,227,460,226,459,219,459,219,460,219,466,217,466,216,467,216,469,217,470,219,470,219,471,217,471,216,472,216,474,217,475,219,475,219,481,212,481,211,482,211,484,209,484,209,482,208,481,207,481,206,482,206,484,166,484,165,485,165,486,115,486,115,485,114,484,107,484,107,482,106,481,104,481,104,477,104,476,102,476
166,367,168,367,168,366,168,357,170,357,171,356,171,352,173,352,173,351,173,347,175,347,176,346,176,337,178,337,178,336,178,327,180,327,181,326,181,320,183,320,184,319,184,312,185,312,186,311,186,305,188,305,189,304,189,297,191,297,191,296,191,292,193,292,194,291,194,290,196,290,196,289,196,285,198,285,199,284,199,280,201,280,201,279,201,275,203,275,204,274,204,270,206,270,207,269,207,265,208,265,209,264,209,260,211,260,212,259,212,255,214,255,214,254,214,247,216,247,217,246,217,242,219,242,219,241,219,235,221,235,222,234,222,232,224,232,224,231,224,227,226,227,227,226,227,220,229,220,230,219,230,212,231,212,232,211,232,205,234,205,235,204,235,197,237,197,237,196,237,190,239,190,240,189,240,180,242,180,242,179,242,167,244,167,245,166,245,157,247,157,247,156,247,155,262,155,262,156,263,157,275,157,275,159,273,159,272,160,272,164,270,164,270,165,270,171,268,171,267,172,267,179,265,179,265,180,265,186,263,186,262,187,262,194,260,194,260,195,260,201,258,201,257,202,257,209,255,209,254,210,254,214,253,214,252,215,252,221,250,221,249,222,249,226,247,226,247,227,247,231,245,231,244,232,244,236,242,236,242,237,242,241,240,241,239,242,239,246,237,246,237,247,237,254,235,254,234,255,234,259,232,259,231,260,231,264,230,264,229,265,229,271,227,271,226,272,226,276,224,276,224,277,224,284,222,284,221,285,221,289,219,289,219,290,219,294,217,294,216,295,216,301,214,301,214,302,214,309,212,309,211,310,211,316,209,316,208,317,208,324,207,324,206,325,206,329,204,329,203,330,203,339,201,339,201,340,201,346,199,346,198,347,198,356,196,356,196,357,196,364,194,364,193,365,193,376,191,376,191,377,191,391,189,391,188,392,188,406,184,406,184,405,183,404,168,404,168,405,168,406,166,406
311,17,313,17,314,16,314,15,326,15,327,14,327,12,329,12,329,14,329,15,339,15,339,14,339,12,357,12,357,14,357,15,375,15,375,14,375,12,385,12,385,24,370,24,370,25,370,26,368,26,367,27,367,29,314,29,314,27,313,26,311,26
337,105,344,105,345,104,345,102,359,102,359,136,357,136,357,137,357,214,345,214,344,215,344,216,342,216,342,215,341,214,339,214,339,127,339,126,337,126
337,277,339,277,339,279,339,280,357,280,357,366,357,367,359,367,359,404,347,404,347,402,347,401,345,401,345,400,344,399,342,399,342,397,341,396,339,396,339,390,339,389,337,389,337,365,339,365,339,364,339,302,339,301,337,301
368,82,375,82,375,84,375,85,382,85,383,84,383,82,387,82,387,204,383,204,382,205,382,206,380,206,380,207,380,209,368,209,368,192,370,192,370,191,370,190,370,189,368,189,368,157,370,157,370,156,370,155,370,154,368,154,368,145,370,145,370,144,370,102,370,101,368,101
368,317,370,317,370,316,370,315,387,315,387,411,368,411
