11,65,25,65,25,260,26,260,27,260,27,262,26,262,25,262,25,263,19,263,19,262,19,262,18,262,18,259,17,258,16,258,16,256,16,255,13,255,13,192,12,191,11,191,11,163,12,163,13,162,13,78,12,78,11,78
16,19,17,19,18,18,18,17,68,17,68,18,69,19,70,19,70,20,70,20,71,20,71,23,70,23,70,24,70,26,70,27,71,27,71,28,69,28,69,27,68,26,57,26,57,27,57,28,52,28,52,27,52,26,46,26,45,27,45,28,19,28,19,27,19,26,16,26
14,27,19,27,19,28,19,28,45,28,46,28,46,27,52,27,52,28,52,28,57,28,57,28,57,27,68,27,68,31,69,32,71,32,71,33,70,33,70,33,70,34,64,34,63,35,63,36,62,36,62,36,62,38,14,38
57,264,58,264,59,263,59,252,60,252,60,252,60,243,62,243,62,242,62,232,63,232,64,231,64,224,65,224,65,223,65,217,66,217,67,217,67,211,68,211,69,210,69,204,70,204,70,204,70,200,71,200,72,199,72,195,73,195,73,194,73,188,75,188,75,188,75,184,76,184,77,183,77,180,78,180,78,180,78,176,80,176,80,175,80,171,81,171,82,170,82,166,83,166,83,166,83,161,85,161,85,161,85,158,86,158,87,158,87,155,88,155,88,154,88,150,89,150,90,150,90,147,91,147,92,146,92,142,93,142,93,142,93,137,94,137,95,137,95,132,96,132,96,132,96,129,98,129,98,129,98,123,99,123,100,122,100,118,101,118,101,118,101,110,103,110,103,110,103,102,104,102,105,102,105,94,106,94,106,94,106,81,108,81,108,81,108,64,109,64,110,63,110,56,111,56,111,55,111,48,113,48,113,47,113,46,114,46,115,46,115,44,139,44,139,46,139,46,142,46,142,47,143,48,147,48,147,49,147,49,155,49,155,50,156,51,160,51,160,52,161,52,162,52,162,54,162,54,165,54,165,55,166,56,168,56,168,57,169,57,170,57,170,62,169,62,168,62,168,76,167,76,167,76,167,87,166,87,165,88,165,95,164,95,163,96,163,100,162,100,162,100,162,102,161,102,160,102,160,103,159,103,159,104,159,105,157,105,157,105,157,106,156,106,155,107,155,108,151,108,150,108,150,110,149,110,149,110,149,114,147,114,147,115,147,118,146,118,145,118,145,121,144,121,144,121,144,124,143,124,142,124,142,127,141,127,140,128,140,134,139,134,139,134,139,138,138,138,137,139,137,143,136,143,136,144,136,146,134,146,134,147,134,151,133,151,132,152,132,154,131,154,131,155,131,159,129,159,129,160,129,162,128,162,127,163,127,166,126,166,126,166,126,169,124,169,124,169,124,174,123,174,122,174,122,177,121,177,121,177,121,180,119,180,119,180,119,185,118,185,117,185,117,190,116,190,116,190,116,194,115,194,114,195,114,198,113,198,113,198,113,202,111,202,111,203,111,206,110,206,109,206,109,209,108,209,108,209,108,214,106,214,106,214,106,220,105,220,104,220,104,226,103,226,103,227,103,231,101,231,101,232,101,239,100,239,99,240,99,247,98,247,98,248,98,254,96,254,96,254,96,263,95,263,94,264,94,271,93,271,93,272,93,273,83,273,83,272,83,271,69,271,69,270,68,270,60,270,60,268,60,268,59,268,59,265,58,265,57,265
64,294,65,294,65,294,65,289,66,289,67,289,67,283,73,283,73,282,73,281,89,281,89,282,90,283,157,283,157,284,157,284,160,284,160,286,161,286,162,286,162,287,162,288,163,288,163,290,161,290,160,291,160,292,157,292,157,292,157,300,157,300,159,300,159,305,157,305,157,305,157,308,156,308,155,308,155,310,154,310,154,310,154,311,152,311,152,312,152,313,77,313,77,312,76,311,65,311,65,308,65,308,64,308,64,300,65,300,65,300,65,299,65,298,64,298
101,257,103,257,103,257,103,248,104,248,105,247,105,240,106,240,106,239,106,225,108,225,108,225,108,220,109,220,110,220,110,216,111,216,111,215,111,212,113,212,113,212,113,209,114,209,115,209,115,204,116,204,116,204,116,200,117,200,118,199,118,195,119,195,119,194,119,192,121,192,121,191,121,187,122,187,123,186,123,180,124,180,124,180,124,177,126,177,126,177,126,172,127,172,128,172,128,169,129,169,129,169,129,168,131,168,131,167,131,164,132,164,133,164,133,161,134,161,134,161,134,158,136,158,136,158,136,155,137,155,138,154,138,152,139,152,139,151,139,147,140,147,141,146,141,142,142,142,143,142,143,137,144,137,144,137,144,134,145,134,146,134,146,129,147,129,147,129,147,123,149,123,149,122,149,116,150,116,151,116,151,112,150,111,149,111,149,110,150,110,151,110,151,108,154,108,154,110,154,110,165,110,165,111,166,112,167,112,167,116,166,116,165,116,165,121,164,121,163,121,163,126,162,126,162,126,162,130,161,130,160,131,160,135,159,135,159,136,159,138,157,138,157,139,157,143,156,143,155,144,155,148,154,148,154,148,154,153,152,153,152,153,152,156,151,156,150,156,150,159,149,159,149,160,149,164,147,164,147,164,147,167,146,167,145,168,145,170,144,170,144,171,144,175,143,175,142,176,142,178,141,178,140,179,140,183,139,183,139,184,139,186,138,186,137,187,137,190,136,190,136,190,136,193,134,193,134,193,134,198,133,198,132,198,132,202,131,202,131,203,131,206,129,206,129,206,129,210,128,210,127,211,127,215,126,215,126,216,126,220,124,220,124,220,124,225,123,225,122,225,122,231,121,231,121,232,121,239,119,239,119,240,119,247,118,247,117,248,117,258,116,258,116,259,116,260,103,260,103,259,103,258,101,258
141,12,144,12,144,12,144,11,150,11,150,12,151,12,159,12,159,12,159,9,163,9,164,9,164,8,165,8,165,9,166,9,177,9,177,9,177,8,200,8,200,9,200,9,201,9,202,9,202,8,247,8,247,15,239,15,239,16,239,17,235,17,234,17,234,18,207,18,206,19,206,20,205,20,205,19,205,18,159,18,159,17,159,17,156,17,156,16,159,16,159,15,159,14,159,14,149,14,149,14,149,15,147,15,147,14,147,14,141,14
159,22,160,22,161,22,161,19,195,19,195,20,193,20,193,20,193,28,172,28,172,28,172,30,170,30,170,28,170,28,159,28,159,25,160,25,161,25,161,24,160,23,159,23
197,91,214,91,214,92,215,92,216,92,216,98,215,98,214,99,214,137,208,137,208,136,208,135,207,135,206,136,206,137,200,137,200,131,200,130,198,130,198,113,198,113,197,113
198,190,200,190,200,190,200,180,203,180,203,182,203,182,213,182,213,220,213,220,214,220,214,225,205,225,205,225,205,226,202,226,202,225,201,225,200,225,200,195,200,194,198,194
235,54,244,54,244,54,244,52,246,52,246,119,235,119
235,206,246,206,246,257,246,257,247,257,247,270,236,270,236,268,236,268,235,268
