96,83,98,83,98,82,98,76,100,76,100,75,100,71,101,71,102,70,102,67,103,67,103,67,103,65,105,65,105,65,105,62,107,62,107,62,107,60,108,60,109,60,109,57,110,57,111,56,111,55,114,55,114,56,114,57,115,57,115,58,116,59,117,59,117,60,118,60,119,60,119,62,119,62,121,62,121,63,119,63,119,64,119,65,118,65,117,65,117,67,116,67,115,67,115,69,114,69,114,69,114,72,112,72,112,72,112,75,111,75,110,76,110,81,109,81,108,81,108,100,109,100,110,100,110,105,111,105,112,105,112,108,112,109,114,109,114,112,114,112,115,112,115,115,116,116,117,116,117,117,118,118,119,118,119,122,118,122,117,123,117,126,116,126,115,126,115,128,112,128,112,126,112,126,111,126,111,123,110,122,109,122,109,121,108,121,107,121,107,119,107,119,105,119,105,116,105,115,103,115,103,114,103,114,102,114,102,111,101,110,100,110,100,105,100,105,98,105,98,100,98,100,96,100
114,215,144,215,144,353,144,354,145,354,145,358,121,358,121,303,121,303,119,303,119,276,119,275,118,275,118,255,117,254,116,254,116,229,115,228,114,228
149,215,151,215,151,214,151,213,181,213,181,228,181,229,182,229,182,254,183,255,184,255,184,282,185,282,186,282,186,286,185,286,184,286,184,291,185,291,186,291,186,305,185,305,184,305,184,324,183,324,182,324,182,343,183,343,184,343,184,346,183,346,182,347,182,358,176,358,175,359,175,360,170,360,170,359,170,358,169,358,168,359,168,360,149,360,149,335,151,335,151,334,151,322,151,322,149,322
170,118,172,118,172,117,172,116,174,116,174,115,174,114,175,114,176,114,176,112,177,112,178,112,178,109,179,109,179,108,179,105,181,105,181,105,181,100,182,100,183,100,183,78,182,77,181,77,181,72,181,72,179,72,179,69,179,69,178,69,178,65,177,65,176,65,176,64,175,63,174,63,174,59,175,59,176,58,176,57,177,57,178,56,178,55,179,55,179,55,179,53,182,53,182,56,183,57,184,57,184,58,185,59,186,59,186,62,186,62,188,62,188,63,188,64,189,64,189,67,190,67,191,67,191,70,192,71,193,71,193,77,193,78,195,78,195,100,193,100,193,100,193,105,192,105,191,105,191,110,190,110,189,111,189,114,188,114,188,114,188,117,186,117,186,118,186,119,185,119,184,119,184,121,183,121,182,121,182,124,181,124,181,125,181,126,178,126,178,125,177,124,176,124,176,121,175,121,172,121,172,119,172,119,170,119
209,173,219,173,219,206,220,206,221,206,221,220,216,220,216,220,216,221,211,221,211,220,211,220,209,220
209,293,211,293,211,294,211,295,218,295,218,294,218,293,219,293,219,313,209,313
215,50,223,50,223,49,223,48,226,48,226,49,227,50,228,50,228,56,227,56,226,57,226,70,227,71,228,71,228,128,222,128,221,128,221,129,216,129,216,109,216,108,215,108
213,444,214,444,215,444,215,375,221,375,222,374,222,373,228,373,228,379,227,379,226,380,226,454,223,454,223,453,223,452,218,452,218,453,218,454,213,454
222,175,230,175,230,174,230,173,232,173,232,174,232,175,233,175,233,221,232,221,232,220,232,220,225,220,225,220,225,221,223,221,223,184,223,183,222,183
220,258,233,258,233,319,232,319,232,319,232,345,232,345,233,345,233,346,232,346,232,347,232,348,222,348,222,322,221,322,220,322,220,321,221,321,222,320,222,267,221,266,220,266
