33,201,35,201,35,200,35,181,37,181,37,181,37,167,39,167,39,167,39,156,41,156,41,155,41,146,43,146,43,145,43,134,45,134,45,134,45,130,55,130,55,132,55,132,79,132,79,142,77,142,77,142,77,153,75,153,75,154,75,161,73,161,73,162,73,173,71,173,71,173,71,187,69,187,69,187,69,202,67,202,67,203,67,222,65,222,65,222,65,263,65,263,67,263,67,278,67,279,69,279,69,298,69,298,71,298,71,315,71,316,73,316,73,327,73,328,75,328,75,337,75,337,77,337,77,343,77,343,79,343,79,349,75,349,75,349,75,351,51,351,51,351,51,353,45,353,45,351,45,351,43,351,43,339,43,339,41,339,41,328,41,327,39,327,39,316,39,315,37,315,37,298,37,298,35,298,35,267,35,267,33,267
65,222,69,222,69,222,69,207,71,207,71,206,71,191,73,191,73,190,73,189,84,189,84,190,85,191,86,191,86,192,85,192,84,193,84,204,83,204,82,205,82,216,81,216,80,216,80,265,81,265,82,265,82,280,83,281,84,281,84,288,83,288,82,289,82,290,75,290,75,291,75,292,73,292,73,291,73,290,71,290,71,279,71,278,67,278,67,277,69,277,69,276,69,263,69,263,65,263,65,238,67,238,67,237,67,236,67,235,65,235,65,234,67,234,67,233,67,224,67,224,65,224
77,17,82,17,82,19,83,19,84,19,85,19,85,17,90,17,91,17,91,15,118,15,118,17,119,17,142,17,143,17,143,15,160,15,160,17,160,17,176,17,176,17,176,15,184,15,184,17,184,17,188,17,188,17,188,15,208,15,208,15,208,13,210,13,210,15,210,15,263,15,263,17,264,17,265,17,265,24,262,24,261,25,261,26,109,26,108,27,108,28,107,28,107,27,106,26,99,26,98,27,98,28,93,28,93,27,92,26,85,26,85,25,84,24,81,24,81,23,80,22,77,22
93,312,94,312,95,312,95,291,96,291,97,290,97,253,98,253,99,253,99,226,100,226,101,226,101,195,102,195,103,194,103,177,104,177,105,177,105,164,106,164,107,163,107,156,108,156,109,155,109,152,110,152,111,151,111,150,124,150,125,149,125,148,154,148,154,149,155,150,180,150,180,151,180,152,186,152,186,155,186,156,188,156,188,161,186,161,186,162,186,177,184,177,184,177,184,196,182,196,182,197,182,216,180,216,180,216,180,239,178,239,178,240,178,261,176,261,176,261,176,296,174,296,174,296,174,313,172,313,172,314,172,329,170,329,170,330,170,333,166,333,166,333,166,335,157,335,156,335,156,337,147,337,147,335,146,335,143,335,142,335,142,337,119,337,118,337,118,339,115,339,115,337,114,337,105,337,104,337,104,339,97,339,97,337,96,337,93,337
109,27,261,27,262,26,262,25,271,25,271,26,272,27,273,27,273,36,270,36,269,37,269,38,266,38,266,37,265,36,244,36,243,37,243,38,234,38,234,37,234,36,206,36,206,37,206,38,202,38,202,37,202,36,178,36,178,37,178,38,164,38,164,37,164,36,149,36,148,37,148,38,137,38,136,39,136,40,133,40,133,39,132,38,129,38,129,37,128,36,109,36,109,35,110,35,111,34,111,33,110,32,109,32
115,13,118,13,119,13,119,11,118,11,117,11,117,9,118,9,119,9,119,7,120,7,121,7,121,5,208,5,208,9,208,9,210,9,210,13,208,13,208,13,208,15,188,15,188,15,188,17,184,17,184,15,184,15,176,15,176,15,176,17,160,17,160,15,160,15,143,15,142,15,142,17,119,17,119,15,118,15,115,15
157,453,158,453,159,452,159,449,164,449,164,450,164,451,166,451,166,450,166,449,168,449,168,448,168,447,206,447,206,448,206,449,218,449,218,448,218,447,257,447,257,448,258,449,259,449,259,460,252,460,251,460,251,462,236,462,236,462,236,464,208,464,208,462,208,462,166,462,166,460,166,460,162,460,162,458,162,458,160,458,160,457,160,456,159,456,159,455,158,454,157,454
184,228,186,228,186,228,186,195,188,195,188,194,188,193,204,193,204,220,202,220,202,220,202,300,202,300,204,300,204,358,186,358,186,349,188,349,188,349,188,308,188,308,186,308,186,240,186,239,184,239
210,216,212,216,212,216,212,199,214,199,214,198,214,187,216,187,216,187,216,175,222,175,222,177,222,177,224,177,224,185,222,185,222,185,222,202,220,202,220,203,220,224,218,224,218,224,218,226,218,226,220,226,220,276,220,277,222,277,222,294,222,294,224,294,224,306,216,306,216,292,216,292,214,292,214,281,214,280,212,280,212,267,212,267,210,267
220,111,222,111,222,110,222,105,224,105,224,104,224,101,226,101,226,101,226,95,228,95,228,95,228,89,232,89,232,91,232,91,236,91,236,93,236,93,239,93,239,95,240,95,243,95,243,97,242,97,241,97,241,104,240,104,239,105,239,112,238,112,238,113,238,120,236,120,236,121,236,124,226,124,226,123,226,122,224,122,224,119,224,118,222,118,222,117,222,116,220,116
224,355,234,355,234,356,234,357,236,357,236,366,236,367,238,367,238,372,238,373,239,373,239,380,240,380,241,380,241,388,234,388,234,388,234,390,232,390,232,382,232,382,230,382,230,378,230,378,228,378,228,373,228,372,226,372,226,367,226,366,224,366
292,310,293,310,294,310,294,275,295,275,296,274,296,265,299,265,299,267,300,267,309,267,309,276,308,276,307,277,307,298,306,298,305,298,305,300,306,300,307,300,307,306,306,306,305,306,305,308,306,308,307,308,307,333,308,333,309,333,309,345,298,345,298,343,297,343,296,343,296,333,295,333,294,333,294,312,293,312,292,312
