8,445,9,445,10,445,10,439,12,439,12,439,12,435,14,435,14,436,14,437,18,437,18,441,16,441,16,441,16,447,14,447,14,447,14,464,14,464,16,464,16,470,16,470,18,470,18,474,16,474,16,475,16,476,12,476,12,472,12,472,10,472,10,466,9,466,8,466
18,447,20,447,20,447,20,441,22,441,23,441,23,439,24,439,25,439,25,437,26,437,26,441,27,441,30,441,30,443,29,443,28,443,28,447,27,447,26,447,26,466,27,466,28,466,28,468,29,468,30,468,30,472,23,472,23,470,22,470,20,470,20,464,20,464,18,464
31,27,32,27,33,26,33,22,39,22,39,24,39,25,41,25,41,26,41,27,47,27,47,28,48,29,51,29,51,89,52,89,53,89,53,93,43,93,43,91,43,91,35,91,35,89,35,89,33,89,33,85,35,85,35,84,35,79,35,78,33,78,33,43,32,43,31,43
56,45,66,45,66,84,56,84
52,112,56,112,56,111,56,110,74,110,74,114,75,114,76,114,76,126,77,127,79,127,79,132,79,133,81,133,81,134,79,134,79,135,79,136,79,137,81,137,81,147,81,147,83,147,83,155,83,156,85,156,85,164,85,164,87,164,87,174,87,175,89,175,89,182,90,183,91,183,91,191,92,191,93,191,93,199,94,200,95,200,95,205,96,206,97,206,97,214,98,214,99,214,99,218,98,218,97,218,97,220,96,220,96,218,95,218,94,218,93,218,93,220,81,220,81,218,81,218,79,218,79,212,79,211,77,211,77,204,76,203,75,203,75,197,74,197,73,197,73,189,72,189,71,189,71,181,70,180,69,180,69,175,68,174,67,174,67,166,66,166,64,166,64,158,64,157,62,157,62,150,62,149,60,149,60,141,60,141,58,141,58,133,58,132,56,132,56,125,56,124,54,124,54,116,53,116,52,116
54,475,56,475,56,474,56,470,58,470,58,470,58,468,60,468,60,468,60,464,62,464,62,464,62,447,62,447,60,447,60,443,60,443,58,443,58,439,58,439,56,439,56,437,58,437,58,436,58,433,60,433,60,434,60,435,64,435,64,439,64,439,66,439,66,441,67,441,68,441,68,445,69,445,70,445,70,466,69,466,68,466,68,470,67,470,66,470,66,474,64,474,64,475,64,476,62,476,62,477,62,478,58,478,58,477,58,476,54,476
79,135,83,135,83,134,83,133,87,133,87,134,87,135,89,135,89,147,90,147,91,147,91,157,92,158,93,158,93,166,94,166,95,166,95,176,96,177,97,177,97,184,98,185,99,185,99,193,94,193,94,191,93,191,92,191,92,189,93,189,94,189,94,185,93,184,92,184,92,177,91,176,90,176,90,166,89,166,87,166,87,156,87,155,85,155,85,147,85,147,83,147,83,139,83,139,81,139,81,137,81,136,79,136
85,233,91,233,91,234,92,235,93,235,93,241,94,241,95,241,95,249,90,249,90,247,89,247,87,247,87,239,87,239,85,239
90,220,93,220,93,222,94,222,97,222,97,230,98,231,99,231,99,239,100,239,102,239,102,247,102,247,104,247,104,255,102,255,102,256,102,257,98,257,98,254,97,253,96,253,96,241,95,241,94,241,94,235,93,234,92,234,92,227,91,226,90,226
98,150,99,150,100,149,100,147,108,147,108,155,108,156,110,156,110,164,110,164,112,164,112,172,113,172,114,172,114,178,104,178,104,179,104,180,102,180,102,170,102,170,100,170,100,158,99,157,98,157
102,183,106,183,106,184,106,185,108,185,108,193,108,193,110,193,110,199,110,200,112,200,112,203,104,203,104,191,104,191,102,191
104,222,112,222,112,230,113,231,114,231,114,239,115,239,116,239,116,243,110,243,110,241,110,241,108,241,108,233,108,232,106,232,106,227,106,226,104,226
108,185,114,185,114,186,113,186,112,187,112,189,113,189,114,189,114,197,115,197,116,197,116,205,117,206,118,206,118,214,119,214,120,214,120,218,115,218,115,214,114,214,113,214,113,200,112,199,110,199,110,191,110,191,108,191
115,183,118,183,118,186,119,187,120,187,120,197,121,197,123,197,123,199,117,199,117,191,116,191,115,191
115,233,120,233,120,234,121,235,123,235,123,243,123,243,125,243,125,249,117,249,117,239,116,239,115,239
121,225,127,225,127,228,127,229,129,229,129,236,129,237,131,237,131,247,131,247,133,247,133,255,134,256,135,256,135,257,134,257,133,258,133,259,127,259,127,256,127,255,125,255,125,243,125,243,123,243,123,235,123,234,121,234
131,416,133,416,134,416,134,412,135,412,136,411,136,406,137,406,138,405,138,400,139,400,140,399,140,393,141,393,142,393,142,387,143,387,144,386,144,381,146,381,146,380,146,375,148,375,148,374,148,368,150,368,150,368,150,362,152,362,152,361,152,356,154,356,154,355,154,350,156,350,157,349,157,343,158,343,159,343,159,337,160,337,161,336,161,331,162,331,163,330,163,325,166,325,166,326,167,327,179,327,179,328,180,329,185,329,185,334,184,334,183,335,183,341,182,341,181,341,181,347,180,347,179,347,179,353,177,353,177,354,177,359,175,359,175,360,175,368,173,368,173,368,173,374,171,374,171,375,171,380,169,380,169,381,169,389,167,389,166,389,166,395,165,395,164,395,164,401,163,401,162,402,162,407,161,407,160,408,160,414,159,414,158,414,158,422,157,422,156,422,156,426,148,426,148,425,148,424,140,424,140,422,139,422,131,422
154,0,171,0,171,14,159,14,159,12,158,11,157,11,157,4,156,3,154,3
154,306,156,306,157,305,157,297,158,297,159,297,159,291,160,291,161,291,161,285,162,285,163,284,163,279,164,279,165,278,165,275,166,275,167,274,167,272,169,272,169,272,169,268,171,268,171,268,171,266,175,266,175,268,175,268,183,268,183,272,182,272,181,272,181,276,180,276,179,277,179,282,177,282,177,283,177,286,175,286,175,287,175,293,173,293,173,293,173,301,171,301,171,302,171,309,167,309,167,308,166,307,154,307
163,452,164,452,165,451,165,445,166,445,167,445,167,437,169,437,169,436,169,427,171,427,171,426,171,418,173,418,173,418,173,408,175,408,175,407,175,402,177,402,177,401,177,393,179,393,180,393,180,385,181,385,182,384,182,375,183,375,184,374,184,368,185,368,186,368,186,360,187,360,188,359,188,354,190,354,190,353,190,343,192,343,192,343,192,335,194,335,194,334,194,331,215,331,215,330,215,329,221,329,221,334,219,334,219,335,219,345,217,345,217,345,217,351,215,351,215,352,215,359,213,359,213,360,213,368,211,368,210,368,210,376,209,376,208,377,208,386,207,386,206,387,206,395,205,395,204,395,204,405,203,405,202,406,202,416,201,416,200,416,200,424,198,424,198,425,198,434,196,434,196,435,196,441,194,441,194,441,194,451,192,451,192,452,192,461,190,461,190,462,190,464,186,464,186,462,185,461,173,461,173,460,173,459,165,459,165,458,164,457,163,457
177,300,179,300,180,299,180,293,181,293,182,293,182,285,183,285,184,284,184,275,185,275,186,274,186,266,187,266,188,266,188,260,206,260,206,261,207,262,233,262,233,264,234,264,236,264,236,276,234,276,233,277,233,284,232,284,231,285,231,293,230,293,229,293,229,303,228,303,227,304,227,311,226,311,225,312,225,320,224,320,223,320,223,322,221,322,221,322,221,324,219,324,219,322,219,322,207,322,206,322,206,324,203,324,203,322,202,322,190,322,190,320,190,320,188,320,187,320,187,322,186,322,186,320,185,320,182,320,182,318,181,318,180,318,180,312,179,311,177,311
207,50,219,50,219,51,219,52,221,52,221,53,219,53,219,54,219,59,219,60,221,60,221,82,221,83,223,83,223,101,211,101,211,81,210,80,209,80,209,58,208,57,207,57
219,54,221,54,221,53,221,50,231,50,231,51,232,52,233,52,233,53,232,53,231,54,231,64,232,64,233,64,233,66,232,66,231,66,231,76,232,77,233,77,233,93,234,93,236,93,236,95,234,95,233,95,233,101,224,101,224,83,223,82,221,82,221,56,221,55,219,55
232,54,233,54,234,53,234,50,236,50,236,51,236,52,238,52,238,51,238,50,244,50,244,61,244,62,246,62,246,97,236,97,236,91,236,91,234,91,234,60,233,59,232,59
238,431,240,431,240,430,240,416,242,416,242,416,242,402,244,402,244,401,244,387,246,387,247,386,247,370,248,370,249,370,249,358,250,358,251,357,251,341,252,341,253,341,253,327,254,327,255,326,255,312,257,312,257,311,257,295,259,295,259,295,259,283,267,283,267,284,268,285,269,285,269,295,268,295,267,295,267,307,265,307,265,308,265,322,263,322,263,322,263,341,261,341,261,341,261,357,259,357,259,358,259,372,257,372,257,372,257,389,255,389,254,389,254,403,253,403,252,404,252,418,251,418,250,418,250,436,249,436,248,437,248,443,238,443
251,456,252,456,253,455,253,433,254,433,255,432,255,416,257,416,257,416,257,400,259,400,259,399,259,383,261,383,261,382,261,364,263,364,263,364,263,343,265,343,265,343,265,322,267,322,268,322,268,306,269,306,270,305,270,283,271,283,272,282,272,270,273,270,274,270,274,268,277,268,277,270,278,270,282,270,282,278,280,278,280,279,280,295,278,295,277,295,277,318,276,318,275,318,275,324,276,325,277,325,277,328,276,328,275,329,275,339,274,339,273,339,273,355,274,356,275,356,275,357,274,357,273,358,273,359,272,359,271,360,271,376,272,377,273,377,273,380,272,380,271,381,271,382,270,382,269,383,269,401,268,401,267,402,267,414,265,414,265,414,265,432,263,432,263,433,263,457,261,457,261,458,261,466,251,466
265,441,267,441,268,441,268,418,269,418,270,418,270,400,271,400,272,399,272,381,273,381,274,380,274,358,275,358,276,357,276,329,277,329,278,328,278,304,280,304,280,303,280,279,282,279,282,278,282,270,290,270,290,282,288,282,288,283,288,316,286,316,286,316,286,361,284,361,284,362,284,384,282,384,282,385,282,409,280,409,280,410,280,430,278,430,277,431,277,445,276,445,275,445,275,474,265,474
309,277,311,277,311,276,311,235,313,235,314,234,314,2,328,2,328,3,328,4,330,4,330,272,330,272,332,272,332,364,320,364,319,364,319,366,314,366,314,364,313,364,311,364,311,308,311,307,309,307,309,304,311,304,311,303,311,295,311,295,309,295
