31,187,32,187,33,186,33,173,34,173,35,172,35,167,36,167,37,166,37,159,38,159,39,158,39,153,40,153,41,152,41,149,43,149,43,148,43,143,45,143,45,142,45,137,57,137,58,136,58,135,67,135,68,134,68,133,74,133,74,132,74,131,80,131,80,138,78,138,78,139,78,146,76,146,76,147,76,152,74,152,74,153,74,160,72,160,72,161,72,168,70,168,70,169,70,184,68,184,67,185,67,239,68,239,70,239,70,253,70,254,72,254,72,261,72,262,74,262,74,271,74,272,76,272,76,277,76,278,78,278,78,285,78,286,80,286,80,291,80,292,82,292,82,297,83,298,84,298,84,303,85,304,86,304,86,305,85,305,84,306,84,309,74,309,74,310,74,311,64,311,63,312,63,314,49,314,49,312,49,311,47,311,47,308,47,307,45,307,45,302,45,301,43,301,43,296,43,295,41,295,41,288,40,287,39,287,39,280,38,279,37,279,37,268,36,267,35,267,35,254,34,253,33,253,33,233,32,233,31,233
143,104,144,104,145,104,145,88,148,88,148,90,149,90,153,90,153,104,151,104,150,104,150,106,143,106
153,106,155,106,155,106,155,74,157,74,157,74,157,72,163,72,163,122,153,122
172,127,173,127,174,126,174,84,186,84,186,84,186,82,188,82,188,110,186,110,186,110,186,146,184,146,184,145,184,144,178,144,177,145,177,146,174,146,174,145,173,144,172,144
178,385,180,385,180,384,180,354,190,354,190,364,188,364,188,364,188,400,188,401,190,401,190,402,188,402,188,403,188,404,182,404,182,405,182,406,178,406
188,399,190,399,190,398,190,360,192,360,192,360,192,358,200,358,200,370,199,370,198,370,198,402,190,402,190,401,190,400,188,400
190,114,192,114,192,114,192,84,204,84,204,86,205,86,206,86,206,94,205,94,204,94,204,142,190,142
201,401,202,401,203,400,203,356,204,356,205,356,205,354,211,354,211,368,209,368,209,368,209,406,201,406
205,288,215,288,215,289,215,290,217,290,217,314,215,314,215,314,215,322,215,322,217,322,217,324,215,324,215,324,215,330,215,330,217,330,217,332,215,332,215,332,215,334,205,334
209,94,223,94,223,130,213,130,213,131,213,132,209,132
211,231,213,231,213,231,213,229,215,229,215,231,215,231,221,231,221,275,219,275,219,276,219,277,217,277,217,276,217,275,211,275
219,288,221,288,222,287,222,286,225,286,225,287,226,288,231,288,231,336,219,336
224,264,225,264,226,263,226,219,229,219,229,221,230,221,231,221,231,223,232,223,233,223,233,281,226,281,226,280,225,279,224,279,224,272,225,272,226,271,226,270,225,269,224,269
234,300,236,300,236,299,236,298,246,298,246,324,236,324,236,320,236,320,234,320,234,316,236,316,236,316,236,304,236,303,234,303
251,125,252,125,252,126,253,127,263,127,263,233,263,233,265,233,265,237,263,237,263,237,263,239,263,239,265,239,265,277,263,277,263,278,263,279,263,280,265,280,265,303,253,303,253,173,252,172,251,172,251,171,252,171,253,170,253,169,252,168,251,168
