75,186,77,186,77,185,77,177,89,177,89,179,90,179,94,179,94,181,94,182,96,182,96,185,94,185,94,186,94,210,94,210,96,210,96,221,96,221,98,221,98,225,99,225,100,225,100,231,101,232,102,232,102,236,103,236,105,236,105,238,105,239,107,239,107,242,107,243,109,243,109,245,109,245,111,245,111,247,112,247,113,247,113,249,114,250,115,250,115,253,116,254,117,254,117,256,118,256,120,256,120,258,120,258,122,258,122,264,120,264,120,265,120,267,116,267,115,267,115,269,114,269,113,269,113,271,109,271,109,269,109,269,107,269,107,267,107,267,105,267,105,263,105,262,103,262,103,261,102,260,101,260,101,258,100,258,99,258,99,256,98,256,96,256,96,254,96,253,94,253,94,252,94,251,92,251,92,250,92,249,90,249,90,245,89,245,88,245,88,243,87,242,86,242,86,239,85,238,84,238,84,234,83,234,81,234,81,228,81,227,79,227,79,221,79,221,77,221,77,212,77,212,75,212
77,125,79,125,79,124,79,118,81,118,81,117,81,116,96,116,96,115,96,114,124,114,125,113,125,111,137,111,137,111,137,109,158,109,159,109,159,107,171,107,172,106,172,105,180,105,181,104,181,103,184,103,185,102,185,100,197,100,197,102,198,103,208,103,209,102,209,100,210,100,210,102,211,103,223,103,224,102,224,100,258,100,258,100,258,98,292,98,292,102,293,103,294,103,294,111,295,111,296,111,296,113,295,113,294,114,294,115,286,115,286,116,286,117,275,117,275,118,275,120,262,120,262,120,262,122,254,122,253,122,253,124,241,124,240,125,240,126,189,126,189,127,189,128,165,128,165,129,165,131,155,131,154,131,154,133,120,133,120,133,120,135,107,135,107,136,107,137,94,137,94,136,94,135,79,135,79,133,79,133,77,133
112,162,122,162,122,161,122,160,133,160,133,159,133,157,141,157,141,159,142,160,143,160,143,172,144,173,146,173,146,179,146,179,148,179,148,188,148,188,150,188,150,194,150,195,152,195,152,203,153,204,154,204,154,212,155,212,156,212,156,218,157,219,158,219,158,227,159,228,161,228,161,234,161,234,163,234,163,242,163,243,165,243,165,249,165,250,167,250,167,256,168,256,169,256,169,260,170,261,171,261,171,267,161,267,161,267,161,269,150,269,150,269,150,271,144,271,144,261,143,260,142,260,142,256,141,256,140,256,140,250,139,249,137,249,137,243,137,242,135,242,135,236,135,236,133,236,133,230,133,229,131,229,131,225,130,225,129,225,129,219,128,218,127,218,127,212,126,212,125,212,125,204,124,203,122,203,122,197,122,196,120,196,120,190,120,190,118,190,118,184,117,183,116,183,116,177,115,177,114,177,114,171,113,170,112,170
170,179,174,179,174,179,174,177,178,177,178,177,178,175,180,175,181,174,181,173,184,173,185,172,185,171,189,171,189,174,189,175,191,175,191,181,191,182,193,182,193,188,193,188,195,188,195,192,196,193,197,193,197,199,198,199,199,199,199,205,200,206,202,206,202,214,202,214,204,214,204,231,204,232,206,232,206,242,204,242,204,243,204,245,202,245,202,243,202,242,193,242,193,243,193,245,189,245,189,232,189,231,187,231,187,217,186,216,185,216,185,208,184,207,183,207,183,204,182,203,181,203,181,197,180,196,178,196,178,195,178,194,176,194,176,190,176,190,174,190,174,188,174,188,172,188,172,184,171,183,170,183
198,175,199,175,200,174,200,171,204,171,204,170,204,168,206,168,206,170,206,171,210,171,210,177,211,177,212,177,212,179,211,179,210,179,210,188,211,188,212,188,212,194,213,195,214,195,214,201,215,201,217,201,217,207,217,208,219,208,219,216,219,217,221,217,221,225,221,225,223,225,223,231,221,231,221,232,221,234,217,234,217,225,217,225,215,225,215,217,214,216,213,216,213,208,212,207,211,207,211,204,210,203,206,203,206,201,206,201,204,201,204,197,204,196,202,196,202,190,202,190,200,190,200,182,199,181,198,181
221,188,223,188,223,190,224,190,225,190,225,196,226,197,227,197,227,205,228,206,230,206,230,214,230,214,232,214,232,221,226,221,226,212,225,212,224,212,224,201,223,201,221,201
239,175,240,175,241,174,241,173,253,173,253,179,254,179,255,179,255,188,256,188,258,188,258,199,258,199,260,199,260,210,258,210,258,210,258,214,258,214,260,214,260,218,260,219,262,219,262,225,256,225,255,225,255,227,254,227,253,228,253,229,250,229,250,228,249,227,247,227,247,225,249,225,250,225,250,221,249,221,247,221,247,208,247,207,245,207,245,197,245,196,243,196,243,190,242,190,241,190,241,177,240,177,239,177
256,182,260,182,260,188,260,188,262,188,262,201,262,201,264,201,264,212,262,212,262,212,262,218,260,218,260,214,260,214,258,214,258,210,260,210,260,210,260,199,260,199,258,199,258,188,258,188,256,188
299,81,305,81,305,87,306,87,307,87,307,93,308,94,309,94,309,102,310,103,311,103,311,109,310,109,309,109,309,111,306,111,306,105,305,104,303,104,303,98,303,98,301,98,301,89,301,89,299,89
310,81,316,81,316,89,316,89,318,89,318,98,318,98,320,98,320,106,314,106,314,100,314,100,312,100,312,92,311,91,310,91
318,76,322,76,322,78,323,78,324,78,324,85,325,85,327,85,327,91,327,92,329,92,329,100,329,100,331,100,331,109,325,109,325,103,324,102,323,102,323,96,322,95,321,95,321,85,320,85,318,85
329,81,335,81,335,87,336,87,337,87,337,93,338,94,339,94,339,95,338,95,337,96,337,98,334,98,334,96,333,95,331,95,331,89,331,89,329,89
338,74,339,74,340,74,340,72,342,72,342,74,342,74,344,74,344,82,344,83,346,83,346,91,346,92,348,92,348,100,349,100,350,100,350,104,346,104,346,105,346,106,344,106,344,100,344,100,342,100,342,89,342,89,340,89,340,83,339,82,338,82
362,96,363,96,364,95,364,81,365,81,366,80,366,76,367,76,368,76,368,70,370,70,370,69,370,65,372,65,372,65,372,59,374,59,375,58,375,48,376,48,377,47,377,41,378,41,379,41,379,37,380,37,381,36,381,30,383,30,383,30,383,28,385,28,385,27,385,26,391,26,391,27,392,28,400,28,400,30,400,30,404,30,404,32,405,32,413,32,413,34,413,35,415,35,415,43,413,43,413,43,413,47,411,47,411,48,411,52,409,52,408,52,408,58,407,58,406,59,406,63,405,63,404,63,404,71,403,71,402,72,402,78,400,78,400,78,400,82,398,82,398,83,398,85,396,85,396,85,396,89,394,89,393,89,393,91,392,91,391,92,391,98,390,98,389,98,389,104,390,105,391,105,392,104,392,103,393,103,393,106,392,106,391,107,391,109,390,109,389,109,389,111,387,111,387,111,387,113,362,113
368,300,370,300,370,299,370,282,372,282,372,282,372,263,374,263,375,262,375,206,376,206,377,205,377,173,378,173,379,172,379,157,380,157,381,157,381,138,383,138,383,137,383,125,385,125,385,124,385,114,387,114,387,113,387,111,389,111,390,111,390,109,391,109,392,109,392,107,393,107,394,106,394,103,398,103,398,102,398,100,432,100,432,113,431,113,430,114,430,142,428,142,428,142,428,161,426,161,426,162,426,181,424,181,424,182,424,205,422,205,421,206,421,227,420,227,419,228,419,253,418,253,417,254,417,269,415,269,415,269,415,284,413,284,413,285,413,306,411,306,411,307,411,308,368,308
415,313,417,313,418,313,418,291,419,291,420,291,420,274,421,274,422,273,422,261,424,261,424,260,424,241,426,241,426,240,426,214,428,214,428,214,428,190,430,190,431,190,431,171,432,171,433,170,433,149,434,149,435,148,435,122,436,122,437,122,437,107,439,107,439,106,439,89,441,89,441,89,441,59,443,59,443,58,443,30,456,30,456,60,454,60,454,61,454,100,452,100,452,100,452,128,450,128,449,129,449,153,448,153,447,153,447,177,446,177,445,177,445,194,443,194,443,195,443,214,441,214,441,214,441,231,439,231,439,232,439,256,437,256,436,256,436,269,435,269,434,269,434,282,433,282,432,282,432,295,431,295,430,296,430,310,428,310,428,311,428,321,422,321,422,320,421,319,415,319
