41,233,43,233,43,235,43,235,50,235,50,238,49,238,48,239,48,256,49,257,50,257,50,263,51,264,52,264,52,269,52,269,54,269,54,272,54,273,56,273,56,276,56,276,57,276,57,279,58,280,59,280,59,283,60,283,61,283,61,287,60,287,59,287,59,288,58,288,57,289,57,290,54,290,54,289,54,288,52,288,52,285,52,285,51,285,51,282,50,281,49,281,49,276,48,276,47,276,47,273,46,272,45,272,45,267,45,267,43,267,43,262,43,262,41,262
41,228,43,228,43,228,43,221,45,221,45,220,45,219,46,219,47,219,47,216,48,216,49,215,49,214,50,214,51,213,51,210,52,210,52,210,52,208,54,208,54,208,54,207,56,207,56,208,56,208,57,208,57,220,56,220,56,221,56,224,54,224,54,225,54,226,52,226,52,226,52,231,51,231,50,232,50,233,49,233,49,232,48,231,43,231,43,230,43,229,41,229
67,198,79,198,79,199,80,200,88,200,88,201,89,201,90,201,90,203,91,203,94,203,94,204,94,205,96,205,96,206,96,207,98,207,98,208,98,208,99,208,99,210,100,210,101,210,101,212,102,212,103,212,103,215,104,216,105,216,105,217,105,217,107,217,107,220,107,221,109,221,109,226,109,226,110,226,110,229,111,230,112,230,112,265,111,265,110,266,110,269,105,269,105,267,105,267,98,267,98,262,99,262,100,262,100,237,99,237,98,237,98,232,98,231,96,231,96,228,96,228,94,228,94,225,94,224,93,224,93,223,92,222,91,222,91,219,90,219,87,219,87,217,87,217,85,217,85,216,85,215,82,215,82,214,81,213,78,213,78,212,78,212,67,212
69,294,70,294,71,294,71,289,74,289,74,288,74,287,78,287,78,287,78,285,81,285,82,285,82,283,83,283,83,283,83,282,87,282,87,281,87,280,88,280,89,279,89,278,90,278,91,278,91,276,92,276,93,276,93,273,94,273,94,272,94,271,96,271,96,270,96,269,98,269,98,270,98,271,101,271,101,272,102,273,107,273,107,274,107,275,109,275,109,276,107,276,107,276,107,279,105,279,105,280,105,281,104,281,103,282,103,283,102,283,101,283,101,287,100,287,99,287,99,288,98,288,98,289,98,290,96,290,96,291,96,292,94,292,94,292,94,294,91,294,90,294,90,295,89,295,88,296,88,297,85,297,85,298,85,299,82,299,81,300,81,301,76,301,76,301,76,303,71,303,71,301,70,301,69,301
91,0,96,0,96,10,91,10
100,0,112,0,112,22,113,23,114,23,114,29,114,30,116,30,116,33,114,33,114,33,114,35,111,35,110,35,110,37,104,37,104,30,103,29,102,29,102,12,101,12,100,12
162,437,163,437,164,437,164,430,165,430,166,429,166,419,167,419,167,419,167,408,169,408,169,408,169,396,171,396,171,395,171,389,172,389,172,390,173,391,180,391,180,394,178,394,178,394,178,404,177,404,176,405,176,413,175,413,174,414,174,424,173,424,172,425,172,435,171,435,171,435,171,440,164,440,164,439,163,438,162,438
195,192,196,192,197,192,197,185,198,185,198,185,198,178,200,178,200,178,200,173,202,173,202,172,202,164,203,164,204,163,204,162,205,162,205,163,206,164,213,164,213,167,211,167,211,167,211,174,209,174,209,175,209,181,208,181,207,182,207,187,206,187,205,187,205,194,204,194,203,194,203,197,202,197,202,198,202,199,200,199,200,198,200,197,195,197
224,110,225,110,226,110,226,108,227,108,227,110,228,110,231,110,231,110,231,108,234,108,234,110,235,110,236,110,236,120,237,121,238,121,238,131,239,132,240,132,240,135,229,135,229,133,229,133,228,133,228,121,227,120,226,120,226,112,225,112,224,112
250,155,253,155,253,154,253,153,258,153,258,172,250,172
248,498,249,498,250,497,250,475,251,475,251,474,251,473,253,473,253,474,253,475,258,475,258,476,259,476,260,476,260,479,259,479,258,480,258,497,257,497,256,498,256,499,248,499
250,233,251,233,251,233,251,228,260,228,260,262,251,262,251,260,251,260,250,260,250,258,251,258,251,258,251,257,251,256,250,256
250,317,258,317,258,331,259,332,260,332,260,335,251,335,251,328,251,328,250,328
264,121,265,121,266,120,266,110,267,110,268,110,268,108,271,108,271,108,271,107,273,107,273,108,273,108,275,108,275,110,275,110,276,110,276,115,277,116,278,116,278,117,277,117,276,117,276,126,275,126,275,126,275,137,266,137,265,137,265,138,264,138
262,416,264,416,264,415,264,412,265,412,266,412,266,407,267,407,268,406,268,400,269,400,270,399,270,392,271,392,271,392,271,382,273,382,273,381,273,376,276,376,276,378,277,378,284,378,284,387,282,387,282,387,282,392,281,392,280,392,280,399,279,399,278,400,278,404,277,404,276,405,276,412,275,412,275,412,275,417,273,417,273,417,273,422,266,422,266,421,265,420,264,420,264,419,264,419,262,419
266,255,267,255,268,254,268,244,269,244,270,244,270,237,271,237,271,237,271,230,273,230,273,229,273,226,275,226,275,226,275,225,289,225,289,233,288,233,287,233,287,240,286,240,286,241,286,247,284,247,284,248,284,254,282,254,282,255,282,262,281,262,280,262,280,263,266,263
271,176,287,176,287,197,286,197,286,198,286,199,279,199,278,200,278,201,275,201,275,200,275,199,273,199,273,200,273,201,271,201
286,455,291,455,291,488,286,488
