11,212,12,212,13,211,13,176,14,176,15,175,15,168,20,168,20,169,20,170,24,170,24,171,24,172,26,172,26,188,24,188,24,189,24,247,24,248,26,248,26,251,24,251,24,251,24,274,13,274,13,270,12,270,11,270
24,1,26,1,26,1,26,0,37,0,37,1,36,1,35,1,35,8,34,8,33,9,33,82,34,83,35,83,35,84,34,84,33,85,33,111,34,111,35,111,35,124,34,124,33,125,33,126,34,126,35,126,35,128,34,128,33,128,33,132,34,132,35,132,35,270,26,270,26,172,26,171,24,171,24,83,26,83,26,82,26,43,26,43,24,43
34,9,35,9,36,8,36,1,37,1,38,1,38,0,39,0,39,1,40,1,43,1,43,98,43,98,45,98,45,99,43,99,43,100,43,132,43,132,45,132,45,133,43,133,43,134,43,249,43,250,45,250,45,274,36,274,36,132,35,132,34,132,34,128,35,128,36,128,36,126,35,126,34,126,34,125,35,125,36,124,36,111,35,111,34,111,34,85,35,85,36,84,36,83,35,82,34,82
43,1,52,1,52,99,51,99,50,100,50,101,49,101,49,100,49,99,45,99,45,98,45,98,43,98
43,134,47,134,47,135,47,136,50,136,50,139,51,140,52,140,52,255,49,255,49,255,49,258,47,258,47,257,47,257,45,257,45,250,45,249,43,249
85,229,87,229,87,228,87,210,89,210,89,209,89,196,91,196,91,196,91,189,92,189,93,188,93,179,94,179,95,179,95,174,96,174,97,173,97,168,98,168,99,168,99,162,100,162,101,162,101,157,102,157,102,156,102,153,104,153,104,152,104,147,106,147,106,147,106,143,108,143,108,143,108,140,110,140,110,139,110,136,111,136,112,135,112,134,119,134,119,135,120,136,129,136,129,137,129,138,140,138,140,139,141,140,142,140,142,145,141,145,140,145,140,152,139,152,138,153,138,158,137,158,136,159,136,162,135,162,134,162,134,168,133,168,132,168,132,171,131,171,131,172,131,179,129,179,129,179,129,185,127,185,127,185,127,192,125,192,125,193,125,200,123,200,123,200,123,211,122,211,121,212,121,223,120,223,119,223,119,272,120,272,121,272,121,281,122,282,123,282,123,289,123,289,125,289,125,296,125,297,127,297,127,300,127,301,129,301,129,302,129,303,131,303,131,304,129,304,129,304,129,308,129,308,131,308,131,312,131,312,132,312,132,315,133,316,134,316,134,321,135,321,136,321,136,325,137,325,138,325,138,329,139,329,140,329,140,332,141,333,142,333,142,336,142,337,144,337,144,342,142,342,142,342,142,344,141,344,140,344,140,346,137,346,136,346,136,348,135,348,134,348,134,349,131,349,131,350,131,351,127,351,127,352,127,353,123,353,123,354,123,355,118,355,118,350,117,349,116,349,116,346,115,346,114,346,114,342,113,342,112,342,112,339,111,338,110,338,110,337,110,336,108,336,108,333,108,332,106,332,106,329,106,329,104,329,104,325,104,325,102,325,102,321,102,321,101,321,101,316,100,315,99,315,99,312,98,312,97,312,97,306,96,306,95,306,95,301,94,300,93,300,93,293,92,293,91,293,91,287,91,287,89,287,89,278,89,277,87,277,87,263,87,262,85,262
97,102,98,102,99,101,99,100,100,100,101,99,101,98,106,98,106,99,106,100,148,100,148,101,148,102,155,102,156,101,156,100,193,100,194,99,194,98,197,98,197,101,198,102,199,102,199,111,198,111,197,111,197,116,102,116,102,115,102,115,101,115,101,113,100,113,99,113,99,109,98,109,97,109
125,215,127,215,127,215,127,193,129,193,129,192,129,191,150,191,150,302,141,302,140,303,140,304,131,304,131,303,131,302,129,302,129,301,129,300,127,300,127,244,127,243,125,243,125,221,127,221,127,221,127,217,127,217,125,217
156,136,157,136,158,135,158,134,178,134,178,135,179,136,197,136,197,240,198,240,199,240,199,270,200,270,201,270,201,304,202,304,203,304,203,325,203,325,205,325,205,348,205,348,207,348,207,351,190,351,190,352,190,353,169,353,169,354,169,355,162,355,162,350,161,349,160,349,160,333,159,332,158,332,158,257,157,257,156,257
221,225,222,225,223,224,223,170,237,170,237,171,238,172,239,172,239,188,240,189,241,189,241,224,240,224,239,225,239,264,240,265,241,265,241,268,240,268,239,268,239,270,223,270,223,268,222,268,221,268
244,115,256,115,256,126,255,126,254,126,254,179,253,179,253,178,253,177,247,177,247,176,247,175,245,175,245,164,245,164,244,164
266,435,268,435,268,435,268,433,279,433,279,435,280,435,281,435,281,474,266,474,266,473,268,473,268,473,268,437,268,437,266,437
276,168,285,168,285,205,278,205,277,206,277,207,276,207
280,433,281,433,282,433,282,431,294,431,294,435,295,435,296,435,296,437,295,437,294,437,294,442,293,442,293,443,293,469,291,469,291,469,291,471,291,471,293,471,293,474,291,474,291,473,291,473,287,473,287,473,287,474,282,474,282,435,281,435,280,435
284,162,285,162,285,162,285,160,291,160,291,162,291,162,294,162,294,164,295,164,296,164,296,171,295,171,294,172,294,211,295,212,296,212,296,213,295,213,294,214,294,215,287,215,287,215,287,217,284,217,284,206,285,206,285,205,285,168,285,168,284,168
291,469,293,469,293,469,293,443,294,443,295,442,295,437,296,437,297,437,297,435,302,435,302,437,303,437,304,437,304,474,301,474,301,473,300,473,297,473,296,473,296,474,293,474,293,471,293,471,291,471
