44,240,46,240,46,240,46,233,48,233,49,233,49,229,50,229,51,228,51,226,53,226,53,226,53,222,55,222,56,221,56,219,58,219,58,219,58,217,65,217,65,221,65,222,67,222,67,223,65,223,65,224,65,226,65,226,67,226,67,233,65,233,65,233,65,235,63,235,62,236,62,240,60,240,60,240,60,249,58,249,58,250,58,258,58,259,60,259,60,267,60,268,62,268,62,277,63,277,65,277,65,291,60,291,60,289,60,288,58,288,58,287,58,286,56,286,56,282,55,281,53,281,53,280,53,279,51,279,51,275,50,274,49,274,49,270,48,270,46,270,46,263,46,263,44,263
131,150,133,150,133,149,133,148,135,148,135,149,135,150,144,150,144,173,145,173,147,173,147,177,145,177,144,178,144,182,145,182,147,182,147,186,145,186,144,187,144,267,145,268,147,268,147,355,138,355,138,331,137,330,135,330,135,236,135,235,133,235,133,157,133,156,131,156
147,162,158,162,158,163,159,164,161,164,161,182,159,182,158,182,158,205,159,206,161,206,161,212,159,212,158,212,158,226,159,226,161,226,161,321,161,321,163,321,163,344,152,344,152,331,151,330,150,330,150,201,149,200,147,200
164,159,165,159,165,161,166,162,170,162,171,161,171,159,172,159,172,161,173,162,175,162,175,314,175,314,177,314,177,344,166,344,166,317,165,316,164,316
178,162,179,162,179,163,180,164,189,164,189,274,189,275,191,275,191,295,189,295,189,296,189,307,189,307,191,307,191,342,180,342,180,266,179,265,178,265
192,164,196,164,196,166,196,166,203,166,203,240,203,240,205,240,205,251,206,252,208,252,208,265,206,265,205,266,205,335,206,335,208,335,208,337,206,337,205,337,205,339,194,339,194,245,193,244,192,244
206,192,217,192,217,193,217,194,219,194,219,219,220,219,222,219,222,228,220,228,219,229,219,311,208,311,208,252,208,251,206,251
217,192,219,192,220,191,220,180,224,180,224,182,225,182,233,182,233,321,222,321,222,219,222,219,220,219,220,194,219,193,217,193
281,226,283,226,283,226,283,224,292,224,292,244,292,245,294,245,294,251,285,251,285,250,285,249,281,249
283,273,285,273,285,272,285,259,287,259,288,258,288,256,294,256,295,256,295,254,297,254,297,284,297,284,299,284,299,288,283,288
