27,173,28,173,29,172,29,161,30,161,31,160,31,155,32,155,33,154,33,149,34,149,35,148,35,143,36,143,37,142,37,139,39,139,39,138,39,135,41,135,41,134,41,131,43,131,43,130,43,127,45,127,45,126,45,122,47,122,47,122,47,120,49,120,49,120,49,118,51,118,52,118,52,114,53,114,54,114,54,112,55,112,56,112,56,110,57,110,58,110,58,108,59,108,60,108,60,106,61,106,62,106,62,102,63,102,64,102,64,100,68,100,68,100,68,98,70,98,70,98,70,96,72,96,72,96,72,94,74,94,74,94,74,92,76,92,77,92,77,90,80,90,81,90,81,88,84,88,85,88,85,86,86,86,87,86,87,84,91,84,91,84,91,82,93,82,93,82,93,80,97,80,97,80,97,78,101,78,101,78,101,76,105,76,106,76,106,74,109,74,110,74,110,72,116,72,116,72,116,70,122,70,122,70,122,68,130,68,131,68,131,66,143,66,143,84,141,84,141,84,141,96,139,96,138,96,138,112,137,112,136,112,136,114,131,114,130,114,130,116,129,116,128,116,128,118,120,118,120,118,120,120,116,120,116,120,116,122,114,122,113,122,113,124,110,124,109,125,109,126,106,126,105,127,105,128,104,128,103,129,103,130,101,130,101,131,101,132,99,132,99,133,99,134,97,134,97,135,97,136,95,136,95,137,95,138,93,138,93,139,93,140,91,140,91,141,91,142,89,142,88,143,88,146,87,146,86,147,86,150,85,150,84,151,84,152,83,152,82,153,82,156,81,156,80,157,80,160,79,160,78,161,78,164,77,164,76,165,76,172,74,172,74,173,74,180,72,180,72,181,72,207,72,207,74,207,74,215,74,215,76,215,76,221,77,221,78,221,78,225,79,225,80,225,80,231,81,231,82,231,82,235,83,235,84,235,84,239,85,239,86,239,86,241,87,241,88,241,88,245,89,245,91,245,91,247,91,247,93,247,93,249,93,250,95,250,95,253,95,254,97,254,97,255,97,256,101,256,101,257,101,258,103,258,103,259,104,260,107,260,107,261,108,262,109,262,109,263,110,264,113,264,113,265,114,266,118,266,118,267,118,268,122,268,122,269,122,270,126,270,126,271,126,272,132,272,132,273,133,274,136,274,136,275,137,276,143,276,143,277,143,278,147,278,147,279,147,280,149,280,149,281,149,282,151,282,151,283,151,284,153,284,153,285,154,286,155,286,155,289,156,290,157,290,157,291,158,292,159,292,159,301,160,302,161,302,161,316,160,316,159,316,159,318,158,318,157,318,157,320,156,320,155,320,155,322,137,322,137,320,136,320,135,320,135,318,134,318,129,318,129,316,128,316,126,316,126,316,126,318,122,318,122,318,122,320,120,320,120,318,120,318,116,318,116,316,116,316,112,316,112,314,111,314,106,314,106,312,105,311,101,311,101,310,101,309,99,309,99,308,99,307,95,307,95,306,95,305,91,305,91,304,91,303,89,303,89,302,88,301,87,301,87,300,86,299,85,299,85,298,84,297,83,297,83,296,82,295,79,295,79,294,78,293,77,293,77,292,76,291,72,291,72,290,72,289,70,289,70,288,70,287,68,287,68,286,68,285,66,285,66,284,66,283,64,283,64,282,63,281,62,281,62,280,61,279,60,279,60,278,59,277,58,277,58,276,57,275,56,275,56,274,55,273,54,273,54,272,53,271,52,271,52,270,51,269,49,269,49,268,49,267,47,267,47,264,47,263,45,263,45,260,45,259,43,259,43,256,43,255,41,255,41,252,41,251,39,251,39,247,39,247,37,247,37,243,36,243,35,243,35,235,34,235,33,235,33,229,32,229,31,229,31,219,30,219,29,219,29,205,28,205,27,205
122,318,126,318,126,318,126,316,128,316,128,318,129,318,134,318,134,342,133,342,132,342,132,348,122,348,122,340,124,340,124,340,124,322,126,322,126,322,126,320,126,320,122,320
135,350,136,350,137,350,137,326,143,326,143,326,143,324,145,324,145,324,145,322,147,322,147,324,147,324,155,324,155,332,154,332,153,332,153,364,149,364,149,362,149,362,137,362,137,358,136,358,135,358
231,0,261,0,261,3,260,3,259,4,259,19,258,19,257,20,257,92,255,92,255,92,255,110,253,110,253,110,253,122,251,122,251,122,251,136,249,136,249,137,249,144,247,144,247,143,247,142,237,142,236,143,236,144,235,144,235,141,234,140,233,140,233,84,234,84,235,84,235,42,234,41,233,41,233,12,232,11,231,11
245,268,259,268,260,267,260,266,270,266,270,346,270,346,272,346,272,418,272,419,274,419,274,430,249,430,249,403,249,402,247,402,247,334,247,334,245,334
251,167,253,167,253,166,253,157,255,157,255,156,255,143,257,143,258,142,258,135,259,135,260,134,260,112,261,112,262,112,262,104,280,104,280,108,280,108,282,108,282,116,280,116,280,116,280,132,278,132,278,133,278,142,276,142,276,143,276,154,274,154,274,155,274,168,272,168,272,169,272,172,270,172,270,173,270,176,268,176,267,177,267,178,266,178,266,177,265,176,262,176,262,175,261,174,251,174
251,223,253,223,253,223,253,213,255,213,255,213,255,205,257,205,258,205,258,197,259,197,260,197,260,191,261,191,262,191,262,185,263,185,264,184,264,179,267,179,268,178,268,177,270,177,270,176,270,173,272,173,272,172,272,169,274,169,274,168,274,155,276,155,276,154,276,143,278,143,278,142,278,133,280,133,280,132,280,116,282,116,283,116,283,108,282,108,280,108,280,104,280,104,278,104,278,94,278,94,276,94,276,90,278,90,278,90,278,84,278,84,276,84,276,54,278,54,278,53,278,52,295,52,295,53,295,54,324,54,324,55,324,56,326,56,326,59,324,59,324,60,324,86,322,86,322,86,322,106,320,106,319,106,319,120,318,120,317,120,317,142,316,142,315,143,315,154,314,154,313,155,313,172,312,172,311,173,311,184,310,184,309,185,309,203,308,203,307,203,307,219,305,219,305,219,305,233,272,233,272,231,272,231,258,231,258,229,257,229,253,229,253,227,253,227,251,227
272,262,290,262,290,299,291,300,295,300,295,311,293,311,292,312,292,314,293,314,295,314,295,316,293,316,292,316,292,386,293,387,295,387,295,434,276,434,276,391,276,390,274,390,274,316,274,316,272,316
293,264,295,264,295,263,295,262,319,262,319,269,318,269,317,270,317,336,318,336,319,336,319,402,320,403,322,403,322,406,320,406,319,407,319,408,320,409,322,409,322,432,297,432,297,362,297,362,295,362,295,300,295,299,293,299
308,225,309,225,310,225,310,211,311,211,312,211,312,191,313,191,314,191,314,175,315,175,316,174,316,163,317,163,318,162,318,145,319,145,320,144,320,135,319,134,318,134,318,120,322,120,322,120,322,118,322,118,320,118,320,106,324,106,324,106,324,90,326,90,326,90,326,76,328,76,328,76,328,54,332,54,332,164,330,164,330,165,330,184,328,184,328,185,328,205,326,205,326,205,326,221,324,221,324,221,324,235,308,235
