0,0,5,0,5,23,0,23
0,184,2,184,2,185,2,185,4,185,4,188,4,188,5,188,5,189,4,189,4,190,4,239,0,239
4,158,5,158,5,158,5,157,17,157,17,158,17,158,18,158,18,163,17,163,17,164,17,166,17,167,18,167,18,215,17,215,17,215,17,239,5,239,5,175,5,175,4,175
5,21,7,21,7,21,7,0,20,0,20,5,19,5,18,5,18,63,17,63,17,64,17,65,13,65,13,64,13,63,11,63,11,64,11,65,7,65,7,64,7,63,5,63,5,61,7,61,7,61,7,60,7,59,5,59,5,57,7,57,7,56,7,55,7,55,5,55
20,0,35,0,35,25,34,25,33,25,33,26,20,26
34,197,35,197,35,196,35,194,51,194,51,206,50,206,50,207,50,232,49,232,48,232,48,239,34,239
35,0,50,0,50,59,37,59,37,41,36,41,35,41,35,25,36,25,37,25,37,11,36,11,35,11
35,111,36,111,37,111,37,100,38,100,38,99,38,92,39,92,40,92,40,87,41,87,41,86,41,82,42,82,43,82,43,78,44,78,44,78,44,74,45,74,46,73,46,72,48,72,48,73,49,74,51,74,51,75,52,75,56,75,56,76,56,77,59,77,59,78,59,78,60,78,60,79,60,80,62,80,62,81,62,81,63,81,63,83,62,83,62,84,62,86,60,86,60,87,60,89,59,89,59,90,59,93,58,93,57,94,57,98,56,98,56,98,56,103,55,103,54,104,54,119,53,119,53,120,53,122,53,122,54,122,54,135,55,135,56,135,56,139,56,140,57,140,57,143,58,144,59,144,59,146,59,147,60,147,60,149,60,150,62,150,62,152,62,152,63,152,63,155,63,155,65,155,65,158,65,158,66,158,66,161,65,161,65,161,65,162,63,162,63,162,63,163,62,163,62,164,62,165,59,165,59,165,59,166,58,166,57,167,57,168,56,168,56,168,56,169,53,169,53,170,53,171,52,171,52,170,51,169,50,169,50,168,50,168,49,168,49,167,48,166,47,166,47,164,47,163,46,163,46,161,45,161,44,161,44,158,44,158,43,158,43,155,42,155,41,155,41,151,41,151,40,151,40,147,39,146,38,146,38,141,38,141,37,141,37,131,36,131,35,131
55,64,56,64,56,63,56,62,57,62,58,62,58,61,59,61,59,61,59,60,60,60,60,59,60,57,62,57,62,56,62,55,63,55,63,55,63,54,65,54,65,53,65,52,66,52,66,52,66,51,69,51,69,51,69,50,71,50,71,49,71,48,72,48,72,48,72,47,75,47,75,46,75,45,78,45,78,45,78,44,82,44,83,43,83,42,85,42,86,42,86,41,90,41,90,41,90,40,94,40,95,39,95,38,102,38,102,38,102,37,114,37,114,36,114,35,117,35,117,36,117,37,129,37,129,38,129,38,139,38,139,39,139,40,145,40,145,41,145,41,149,41,149,42,150,42,152,42,152,43,153,44,155,44,155,45,156,45,158,45,158,46,159,47,161,47,161,48,162,48,163,48,163,49,163,50,164,50,164,52,163,52,163,52,163,55,162,55,161,55,161,56,160,56,160,57,160,61,159,61,158,61,158,63,157,63,157,64,157,66,153,66,153,65,152,65,151,65,151,64,151,63,150,63,150,62,149,62,147,62,147,61,146,61,142,61,142,60,142,59,138,59,138,58,137,58,133,58,133,57,133,56,127,56,127,55,127,55,105,55,105,55,105,56,99,56,99,57,99,58,96,58,96,58,96,59,93,59,93,60,93,61,89,61,88,61,88,62,87,62,87,62,87,63,86,63,85,64,85,65,83,65,82,65,82,66,81,66,81,67,81,68,80,68,79,68,79,69,78,69,78,70,78,71,77,71,76,71,76,72,75,72,75,72,75,73,74,73,74,74,74,75,72,75,72,75,72,76,71,76,71,77,71,78,69,78,69,78,69,79,68,79,68,78,68,78,66,78,66,77,66,76,65,76,65,75,65,75,63,75,63,74,63,73,62,73,62,72,62,72,60,72,60,71,60,71,59,71,59,70,59,69,58,69,58,68,57,68,55,68
59,180,60,180,60,179,60,177,62,177,62,176,62,174,63,174,63,173,63,171,65,171,65,171,65,168,66,168,66,168,66,167,69,167,69,166,69,165,71,165,71,165,71,162,72,162,72,163,72,164,74,164,74,168,74,168,76,168,76,169,77,170,78,170,78,171,78,171,81,171,81,172,81,172,84,172,84,173,84,174,87,174,87,175,87,175,88,175,88,176,89,177,91,177,91,178,92,178,94,178,94,179,95,180,100,180,100,181,101,181,103,181,103,182,104,182,124,182,124,182,124,181,132,181,132,181,132,180,139,180,139,179,139,178,143,178,144,178,144,177,149,177,149,179,150,180,151,180,151,185,151,185,152,185,152,189,153,190,154,190,154,195,153,195,152,195,152,196,145,196,145,197,145,198,138,198,137,198,137,199,130,199,130,200,130,201,105,201,105,200,105,199,96,199,96,198,96,198,92,198,92,197,91,196,87,196,87,195,87,195,83,195,83,194,82,193,78,193,78,192,78,192,74,192,74,191,74,191,69,191,69,190,69,189,68,189,68,188,68,188,66,188,66,187,66,186,63,186,63,185,63,185,62,185,62,184,62,183,60,183,60,181,60,181,59,181
60,111,62,111,62,111,62,98,63,98,63,98,63,90,65,90,65,89,65,85,66,85,66,85,66,81,68,81,68,81,68,80,69,80,69,79,69,78,71,78,71,78,71,77,72,77,72,76,72,75,74,75,74,75,74,74,75,74,75,73,75,72,78,72,78,72,78,71,99,71,99,76,98,76,97,77,97,82,96,82,96,82,96,89,95,89,94,90,94,98,93,98,93,98,93,109,92,109,91,110,91,122,90,122,90,122,90,143,90,144,91,144,91,149,92,150,93,150,93,153,93,154,94,154,94,156,95,157,96,157,96,165,74,165,74,164,74,163,72,163,72,162,72,162,71,162,71,160,71,159,69,159,69,158,69,158,68,158,68,155,68,155,66,155,66,148,66,148,65,148,65,141,65,141,63,141,63,135,63,135,62,135,62,118,62,118,60,118
65,4,66,4,66,3,66,0,79,0,79,5,80,5,81,5,81,18,80,18,79,18,79,19,78,19,78,18,78,18,74,18,74,18,74,19,69,19,69,18,69,18,68,18,68,11,68,11,66,11,66,7,66,6,65,6
93,125,94,125,95,125,95,114,96,114,96,113,96,101,97,101,98,101,98,91,99,91,99,91,99,81,100,81,101,81,101,72,102,72,102,72,102,71,103,71,104,71,104,70,105,70,105,71,105,71,123,71,123,72,123,72,124,72,124,102,124,102,126,102,126,106,124,106,124,107,124,138,123,138,123,138,123,149,121,149,121,150,121,158,120,158,120,158,120,166,119,166,118,167,118,168,116,168,116,167,115,166,96,166,96,157,96,156,95,156,95,151,94,151,93,151,93,145,94,145,95,145,95,138,94,138,93,138,93,137,94,137,95,136,95,131,94,131,93,131
124,161,126,161,126,161,126,157,127,157,127,156,127,150,129,150,129,149,129,142,130,142,130,142,130,131,132,131,132,131,132,95,132,95,130,95,130,81,130,81,129,81,129,72,152,72,152,73,153,74,154,74,154,76,154,77,155,77,155,86,156,87,157,87,157,95,157,95,158,95,158,102,159,102,160,102,160,131,159,131,158,131,158,138,157,138,157,138,157,143,156,143,155,144,155,148,154,148,154,148,154,152,153,152,152,152,152,156,151,156,151,157,151,162,150,162,149,162,149,166,148,166,148,167,148,168,147,168,146,168,146,169,145,169,145,168,145,168,138,168,138,167,137,166,124,166
153,0,169,0,169,6,153,6
163,107,166,107,166,106,166,105,170,105,170,106,171,107,172,107,172,106,172,105,173,105,173,112,174,112,175,112,175,116,174,116,173,117,173,133,172,133,172,134,172,138,169,138,169,137,169,136,163,136
166,230,179,230,179,231,179,231,181,231,181,239,166,239
174,0,190,0,190,12,188,12,188,12,188,35,187,35,187,35,187,36,185,36,185,35,185,35,177,35,176,35,176,36,175,36,175,35,175,35,174,35
171,155,172,155,172,155,172,152,173,152,174,152,174,148,175,148,175,148,175,145,176,145,177,145,177,141,178,141,178,141,178,137,179,137,179,136,179,130,181,130,181,129,181,108,181,108,179,108,179,102,179,102,178,102,178,97,178,96,177,96,177,94,176,93,175,93,175,90,175,89,174,89,174,84,175,84,175,83,175,82,176,82,177,82,177,81,179,81,179,81,179,80,184,80,184,79,184,78,187,78,187,78,187,77,190,77,190,78,190,78,191,78,191,79,191,80,193,80,193,82,193,82,194,82,194,88,194,88,195,88,195,93,196,94,197,94,197,99,197,100,198,100,198,109,199,110,200,110,200,119,199,119,198,120,198,131,197,131,197,131,197,136,196,136,195,137,195,141,194,141,194,141,194,146,193,146,193,147,193,151,191,151,191,151,191,155,190,155,190,155,190,158,188,158,188,158,188,162,187,162,187,162,187,165,185,165,185,165,185,166,181,166,181,164,181,163,179,163,179,162,179,162,178,162,178,161,178,161,175,161,175,160,175,159,172,159,172,158,172,158,171,158
200,0,212,0,212,21,211,21,210,21,210,22,211,22,212,22,212,29,211,29,210,30,210,61,200,61
214,1,215,1,215,1,215,0,225,0,225,1,226,1,227,1,227,43,226,43,225,44,225,46,214,46
