101,229,103,229,104,229,104,219,105,219,106,219,106,215,107,215,108,215,108,213,109,213,109,215,110,215,116,215,116,217,116,217,118,217,118,219,118,219,124,219,124,223,122,223,122,223,122,231,120,231,120,231,120,259,120,260,122,260,122,267,122,268,124,268,124,273,124,274,126,274,126,277,122,277,122,278,122,279,114,279,113,280,113,281,108,281,108,280,107,279,106,279,106,272,105,271,104,271,104,264,103,263,101,263
122,237,130,237,130,245,129,245,128,245,128,247,129,247,130,247,130,261,122,261
124,54,126,54,126,53,126,52,132,52,133,51,133,50,138,50,138,76,139,76,141,76,141,160,139,160,138,161,138,162,133,162,132,163,132,164,129,164,129,133,128,132,126,132,126,62,126,61,124,61
124,344,126,344,126,344,126,342,147,342,147,416,135,416,134,417,134,418,133,418,133,417,132,416,131,416,131,379,130,378,129,378,129,358,128,358,126,358,126,346,126,346,124,346
160,54,172,54,172,57,170,57,170,58,170,96,170,96,172,96,172,98,166,98,165,98,165,100,160,100
168,383,170,383,170,382,170,381,174,381,174,382,174,383,186,383,186,392,185,392,184,393,184,418,185,419,186,419,186,430,168,430
170,58,172,58,172,57,172,56,178,56,178,55,178,54,180,54,180,98,172,98,172,96,172,96,170,96
174,211,176,211,176,211,176,209,178,209,178,211,178,211,193,211,193,322,193,322,195,322,195,324,193,324,193,324,193,326,193,326,195,326,195,332,193,332,193,332,193,336,193,336,195,336,195,356,193,356,193,356,193,358,191,358,190,358,190,360,176,360,176,241,176,241,174,241,174,229,176,229,176,229,176,223,176,223,174,223
191,62,199,62,199,82,199,82,201,82,201,84,199,84,199,84,199,86,199,86,201,86,201,92,199,92,199,92,199,94,191,94
201,50,209,50,209,106,201,106,201,84,203,84,203,84,203,76,203,76,201,76
199,383,209,383,209,406,208,406,207,407,207,408,208,409,209,409,209,416,208,416,207,417,207,418,208,419,209,419,209,420,208,420,207,421,207,422,208,423,209,423,209,430,199,430,199,429,201,429,201,428,201,405,201,404,199,404
199,203,218,203,218,225,216,225,215,225,215,227,216,227,218,227,218,229,216,229,215,229,215,255,216,256,218,256,218,366,206,366,206,364,205,364,201,364,201,350,201,350,199,350
210,385,218,385,218,386,216,386,215,387,215,396,216,397,218,397,218,428,216,428,215,429,215,430,210,430
210,68,211,68,212,68,212,64,218,64,218,90,214,90,213,90,213,92,212,92,212,82,211,82,210,82
216,387,218,387,218,386,218,385,224,385,224,428,224,429,226,429,226,430,224,430,224,431,224,432,222,432,222,431,222,430,216,430,216,429,218,429,218,428,218,397,218,396,216,396
218,60,226,60,226,88,226,88,228,88,228,94,226,94,226,94,226,96,220,96,220,68,220,68,218,68
243,223,245,223,245,223,245,221,265,221,265,245,264,245,263,245,263,247,258,247,258,245,257,245,243,245
245,50,259,50,259,55,260,56,261,56,261,102,260,102,259,102,259,138,245,138
243,324,253,324,253,326,253,326,265,326,265,372,264,372,263,372,263,388,260,388,260,387,259,386,247,386,247,387,247,388,245,388,245,385,245,384,243,384
245,399,247,399,247,400,247,401,253,401,253,402,251,402,251,403,251,408,251,409,253,409,253,414,251,414,251,415,251,416,245,416
249,254,251,254,251,253,251,250,253,250,253,249,253,247,259,247,259,259,260,260,261,260,261,271,260,271,259,272,259,285,260,286,261,286,261,291,253,291,253,292,253,293,251,293,251,280,251,279,249,279
251,403,253,403,253,402,253,401,257,401,257,402,258,403,259,403,259,426,258,426,257,427,257,428,258,429,259,429,259,434,258,434,257,435,257,436,251,436,251,415,253,415,253,414,253,409,253,408,251,408
258,401,263,401,263,434,262,434,262,433,261,432,260,432,260,429,259,428,258,428,258,427,259,427,260,426,260,403,259,402,258,402
280,209,295,209,295,229,293,229,292,229,292,251,293,252,295,252,295,271,285,271,285,270,284,269,283,269,283,243,282,243,280,243
