7,149,8,149,9,148,9,145,10,145,10,144,10,141,14,141,14,142,14,143,17,143,17,148,16,148,15,149,15,165,16,165,17,165,17,170,18,171,19,171,19,172,20,173,21,173,21,174,21,175,23,175,23,178,23,178,25,178,25,180,18,180,18,176,17,176,16,176,15,176,15,178,14,178,14,176,14,176,12,176,12,173,12,172,10,172,10,171,10,170,9,170,9,165,8,165,7,165
45,135,46,135,47,135,47,132,52,132,52,133,52,134,55,134,55,135,56,135,57,135,57,137,58,137,59,137,59,139,60,139,61,139,61,141,61,141,63,141,63,144,63,145,65,145,65,148,65,149,66,149,66,154,67,154,68,154,68,163,67,163,66,163,66,169,65,169,65,169,65,172,63,172,63,173,63,174,61,174,61,175,61,178,60,178,59,178,59,180,56,180,55,180,55,182,54,182,54,182,54,183,52,183,52,184,52,185,50,185,50,184,50,183,49,183,49,182,48,182,47,182,47,178,48,178,49,178,49,176,50,176,50,176,50,175,52,175,52,174,52,173,54,173,54,172,54,171,55,171,56,170,56,169,57,169,58,169,58,165,59,165,60,165,60,152,59,152,58,152,58,149,57,148,56,148,56,145,55,144,54,144,54,143,54,142,52,142,52,141,52,141,49,141,49,139,48,139,47,139,47,137,46,137,45,137
89,54,90,54,90,53,90,52,92,52,92,53,92,54,94,54,94,53,94,52,108,52,108,53,109,54,110,54,110,111,94,111,94,111,94,113,92,113,92,111,92,111,90,111,90,76,90,75,89,75
96,197,106,197,107,196,107,195,114,195,114,232,114,232,115,232,115,254,98,254,98,221,97,221,96,221
121,94,139,94,139,96,140,96,141,96,141,157,141,158,143,158,143,213,127,213,127,212,126,211,125,211,125,186,125,185,123,185,123,137,123,137,121,137
147,55,161,55,161,62,160,62,159,63,159,68,160,68,161,68,161,77,160,77,159,78,159,79,160,80,161,80,161,126,161,126,163,126,163,209,163,210,165,210,165,224,163,224,163,225,163,234,163,234,165,234,165,249,163,249,163,249,163,250,161,250,161,249,161,249,160,249,159,249,159,250,154,250,154,245,154,245,152,245,152,219,152,219,150,219,150,186,150,185,149,185,149,163,150,163,150,163,150,162,150,161,149,161,149,158,150,158,150,157,150,156,150,155,149,155,149,108,148,107,147,107
161,81,170,81,170,83,170,83,172,83,172,88,172,89,174,89,174,180,174,180,175,180,175,224,174,224,174,225,174,226,165,226,165,210,165,209,163,209,163,126,163,126,161,126
170,74,185,74,185,157,185,158,186,158,186,200,187,201,188,201,188,232,187,232,186,232,186,234,185,234,185,232,185,232,176,232,176,229,175,228,174,228,174,225,175,225,176,224,176,180,175,180,174,180,174,89,174,88,172,88,172,83,172,83,170,83,170,81,172,81,172,81,172,78,172,77,170,77
189,130,197,130,197,154,198,154,199,154,199,163,198,163,197,163,197,176,196,176,195,176,195,178,190,178,190,152,190,152,189,152
196,100,197,100,198,100,198,96,206,96,206,98,207,98,208,98,208,105,207,105,206,106,206,115,207,115,208,115,208,116,207,116,206,117,206,157,207,158,208,158,208,167,207,167,206,167,206,187,207,188,208,188,208,189,209,189,210,189,210,191,209,191,208,191,208,209,200,209,200,208,199,208,198,208,198,163,199,163,200,163,200,154,199,154,198,154,198,104,197,103,196,103
207,117,208,117,209,116,209,115,214,115,214,116,214,117,215,117,215,118,214,118,214,119,214,124,214,124,215,124,215,137,214,137,214,137,214,144,214,145,215,145,215,178,214,178,214,178,214,191,210,191,210,189,210,189,209,189,209,188,208,187,207,187,207,167,208,167,209,167,209,158,208,157,207,157
214,65,225,65,225,128,225,128,226,128,226,129,225,129,225,130,225,178,225,178,226,178,226,182,225,182,225,182,225,196,225,197,226,197,226,202,225,202,225,203,225,206,225,206,226,206,226,239,216,239,216,117,215,116,214,116
225,130,226,130,227,129,227,128,228,128,228,129,229,130,230,130,230,129,230,128,232,128,232,129,232,130,234,130,234,178,229,178,228,178,228,180,227,180,227,178,226,178,225,178
