76,128,78,128,78,128,78,126,96,126,97,125,97,124,103,124,104,123,104,121,112,121,113,121,113,119,117,119,117,144,118,145,119,145,119,161,120,161,122,161,122,175,122,175,124,175,124,189,125,189,126,189,126,226,125,226,124,227,124,240,99,240,99,239,98,238,83,238,83,234,82,233,81,233,81,222,80,222,78,222,78,180,78,179,76,179
129,114,161,114,162,114,162,112,177,112,177,156,175,156,175,157,175,238,175,239,177,239,177,240,175,240,175,241,175,243,164,243,163,243,163,245,138,245,138,194,138,193,136,193,136,171,135,170,134,170,134,159,133,158,131,158,131,135,131,135,129,135
180,121,200,121,200,123,201,124,226,124,226,123,226,121,230,121,230,128,231,128,233,128,233,236,226,236,226,236,226,238,192,238,192,203,191,203,189,203,189,189,189,189,187,189,187,166,186,165,185,165,185,157,184,156,182,156,182,145,182,144,180,144
231,121,233,121,233,123,233,124,235,124,235,125,236,126,237,126,238,125,238,105,265,105,266,104,266,103,272,103,272,104,273,105,274,105,274,128,273,128,272,128,272,233,270,233,270,234,270,261,268,261,267,262,267,264,266,264,266,262,265,261,254,261,254,260,254,259,240,259,240,257,240,257,236,257,236,131,235,130,233,130,233,128,233,128,231,128
300,65,304,65,305,65,305,63,309,63,310,62,310,60,316,60,317,60,317,58,323,58,324,58,324,56,325,56,326,55,326,53,335,53,335,58,335,58,337,58,337,67,337,67,339,67,339,76,340,77,342,77,342,83,342,84,344,84,344,90,344,91,346,91,346,100,347,100,348,100,348,107,349,107,351,107,351,114,351,114,353,114,353,123,354,124,355,124,355,135,356,135,358,135,358,158,358,159,360,159,360,189,358,189,358,189,358,210,356,210,355,210,355,224,354,224,353,225,353,233,351,233,351,234,351,243,349,243,348,243,348,250,347,250,346,250,346,259,344,259,344,260,344,268,342,268,342,269,342,275,340,275,339,276,339,283,337,283,337,283,337,292,335,292,335,292,335,297,333,297,332,297,332,299,331,299,331,297,330,297,321,297,321,295,321,294,314,294,314,292,314,292,307,292,307,290,307,290,303,290,303,285,304,285,305,285,305,278,307,278,307,278,307,271,309,271,310,271,310,262,311,262,312,261,312,253,314,253,314,252,314,246,316,246,317,245,317,236,318,236,319,236,319,229,321,229,321,229,321,222,323,222,324,222,324,213,325,213,326,212,326,199,328,199,328,198,328,166,328,165,326,165,326,152,325,151,324,151,324,140,323,140,321,140,321,131,321,130,319,130,319,121,318,121,317,121,317,114,316,114,314,114,314,107,314,107,312,107,312,100,311,100,310,100,310,93,309,93,307,93,307,86,307,86,305,86,305,79,304,79,303,79,303,72,302,72,300,72
381,206,383,206,384,205,384,135,388,135,388,137,388,138,395,138,395,140,395,140,397,140,397,147,395,147,395,147,395,186,393,186,392,187,392,212,393,213,395,213,395,215,393,215,392,215,392,217,381,217
395,178,397,178,398,177,398,142,409,142,409,151,407,151,406,152,406,191,407,192,409,192,409,193,407,193,406,194,406,222,395,222
407,194,409,194,409,193,409,133,420,133,420,175,418,175,418,175,418,177,418,178,420,178,420,191,418,191,418,192,418,219,418,220,420,220,420,224,418,224,418,225,418,236,407,236
421,133,432,133,432,135,432,135,434,135,434,147,432,147,432,147,432,165,432,166,434,166,434,168,432,168,432,168,432,215,430,215,429,215,429,217,430,217,432,217,432,224,430,224,429,225,429,226,421,226
430,225,432,225,432,224,432,168,434,168,435,168,435,166,434,165,432,165,432,161,434,161,435,161,435,140,446,140,446,189,444,189,443,189,443,226,437,226,436,227,436,229,432,229,432,227,432,226,430,226
