89,296,90,296,91,295,91,270,93,270,93,270,93,250,95,250,96,249,96,238,97,238,98,237,98,224,100,224,100,223,100,215,102,215,103,214,103,206,104,206,105,205,105,196,107,196,107,196,107,187,123,187,123,196,121,196,121,196,121,203,119,203,118,203,118,212,117,212,116,212,116,223,114,223,114,224,114,237,112,237,111,238,111,254,110,254,109,254,109,272,107,272,107,273,107,300,105,300,104,300,104,323,89,323
124,282,125,282,126,281,126,263,128,263,128,263,128,245,130,245,131,244,131,229,133,229,133,228,133,217,135,217,135,217,135,206,137,206,138,205,138,194,140,194,140,193,140,182,142,182,142,182,142,173,144,173,145,173,145,162,147,162,147,161,147,155,149,155,150,154,150,148,151,148,152,147,152,141,170,141,170,142,171,143,179,143,179,147,178,147,177,148,177,156,175,156,175,157,175,163,173,163,172,164,172,173,171,173,170,173,170,179,168,179,168,180,168,191,166,191,165,192,165,200,164,200,163,201,163,214,161,214,161,215,161,228,159,228,158,229,158,247,157,247,156,247,156,260,154,260,154,261,154,293,152,293,151,293,151,353,152,354,154,354,154,372,152,372,151,372,151,374,135,374,135,375,135,376,124,376
168,284,170,284,171,284,171,256,172,256,173,256,173,238,175,238,175,237,175,219,177,219,178,219,178,210,182,210,182,212,182,212,189,212,189,223,187,223,186,224,186,240,185,240,184,240,184,263,182,263,182,263,182,288,168,288
220,326,222,326,222,325,222,289,224,289,225,288,225,263,231,263,231,291,229,291,229,291,229,332,222,332,222,331,222,330,220,330
234,344,236,344,236,344,236,314,238,314,239,314,239,300,245,300,245,339,243,339,243,340,243,367,241,367,240,368,240,369,234,369
239,259,240,259,241,258,241,229,250,229,250,277,248,277,247,277,247,279,239,279
243,164,245,164,246,163,246,157,254,157,254,166,253,166,252,166,252,203,250,203,250,201,250,200,246,200,245,201,245,203,243,203
250,331,252,331,253,330,253,303,264,303,264,316,262,316,261,317,261,365,250,365
255,231,266,231,266,272,257,272,257,273,257,274,255,274
257,203,259,203,260,203,260,152,261,152,262,152,262,150,268,150,268,161,267,161,266,162,266,207,260,207,260,206,259,205,257,205
