11,266,13,266,14,265,14,256,15,256,16,256,16,247,18,247,18,247,18,240,20,240,21,240,21,233,22,233,23,233,23,226,25,226,25,226,25,219,27,219,28,219,28,212,29,212,30,212,30,208,48,208,48,212,46,212,46,212,46,217,44,217,43,217,43,223,42,223,41,224,41,230,39,230,39,231,39,240,37,240,36,240,36,247,35,247,34,247,34,256,32,256,32,256,32,267,30,267,29,268,29,272,16,272,15,273,15,274,11,274
49,240,50,240,51,240,51,233,53,233,53,233,53,229,55,229,56,228,56,224,58,224,58,223,58,219,60,219,60,219,60,215,62,215,63,214,63,210,65,210,65,210,65,208,67,208,67,207,67,203,69,203,70,203,70,201,72,201,72,200,72,199,74,199,75,198,75,194,81,194,81,196,82,196,88,196,88,200,86,200,86,201,86,203,84,203,83,203,83,207,82,207,81,208,81,212,79,212,79,212,79,214,77,214,76,215,76,219,75,219,74,219,74,223,72,223,72,224,72,228,70,228,69,229,69,233,67,233,67,233,67,240,65,240,65,240,65,286,65,287,67,287,67,293,56,293,55,293,55,295,51,295,51,293,50,293,49,293
67,99,69,99,70,98,70,90,72,90,72,89,72,83,74,83,75,82,75,76,76,76,77,75,77,69,79,69,79,68,79,62,81,62,82,61,82,57,95,57,95,66,93,66,93,67,93,73,91,73,90,74,90,80,89,80,88,81,88,87,86,87,86,87,86,96,84,96,83,97,83,101,77,101,76,101,76,103,67,103
70,277,72,277,72,277,72,266,74,266,75,265,75,256,76,256,77,256,77,247,79,247,79,247,79,236,81,236,82,235,82,226,83,226,84,226,84,219,86,219,86,219,86,210,88,210,89,210,89,203,90,203,91,203,91,196,107,196,107,210,105,210,104,210,104,223,103,223,102,224,102,235,100,235,100,236,100,247,98,247,97,247,97,258,96,258,95,259,95,267,93,267,93,268,93,279,91,279,90,280,90,288,77,288,77,287,76,286,75,286,74,287,74,288,70,288
98,78,100,78,100,78,100,74,102,74,103,73,103,69,104,69,105,68,105,64,107,64,107,64,107,62,109,62,110,61,110,57,111,57,112,57,112,55,114,55,114,54,114,50,116,50,117,50,117,48,118,48,119,48,119,46,130,46,130,48,128,48,128,48,128,50,126,50,125,50,125,54,124,54,123,55,123,57,121,57,121,57,121,61,119,61,118,62,118,64,117,64,116,64,116,66,114,66,114,67,114,73,112,73,111,74,111,78,110,78,109,78,109,101,110,101,111,101,111,108,112,108,114,108,114,112,107,112,107,113,107,115,103,115,103,111,102,110,100,110,100,101,100,101,98,101
114,94,116,94,117,94,117,87,118,87,119,87,119,78,121,78,121,78,121,71,123,71,124,71,124,62,125,62,126,61,126,57,128,57,128,57,128,50,130,50,131,50,131,46,137,46,137,48,138,48,142,48,142,50,140,50,140,50,140,66,138,66,137,67,137,75,135,75,135,76,135,87,133,87,133,87,133,96,131,96,130,97,130,108,114,108
164,319,165,319,166,318,166,307,168,307,168,307,168,293,170,293,171,293,171,280,172,280,173,279,173,263,175,263,175,263,175,240,177,240,178,240,178,238,193,238,193,258,192,258,191,259,191,279,189,279,189,280,189,293,187,293,186,293,186,311,185,311,184,312,184,323,182,323,182,324,182,325,171,325,170,326,170,328,168,328,168,326,168,325,164,325
182,344,184,344,185,344,185,326,186,326,187,325,187,307,189,307,189,307,189,291,191,291,192,291,192,282,193,282,194,281,194,268,196,268,196,267,196,252,198,252,199,251,199,217,217,217,217,230,215,230,215,231,215,254,213,254,212,254,212,274,210,274,210,275,210,291,208,291,208,291,208,309,206,309,205,310,205,330,203,330,203,331,203,348,201,348,200,349,200,353,182,353
208,314,210,314,210,314,210,296,212,296,213,295,213,280,215,280,215,279,215,266,217,266,217,265,217,243,219,243,220,242,220,231,236,231,236,244,234,244,233,245,233,263,232,263,231,263,231,277,229,277,229,277,229,300,227,300,226,300,226,318,225,318,224,319,224,335,208,335
234,270,236,270,236,270,236,259,238,259,239,258,239,247,252,247,252,251,250,251,250,252,250,263,248,263,247,263,247,274,246,274,245,275,245,309,246,310,247,310,247,311,246,311,245,312,245,314,234,314
