52,82,53,82,54,82,54,73,55,73,55,72,55,66,56,66,56,66,56,61,57,61,58,60,58,55,59,55,59,55,59,50,60,50,60,50,60,46,61,46,61,46,61,42,62,42,63,42,63,37,64,37,64,36,64,33,68,33,68,34,68,34,70,34,70,35,70,35,73,35,73,36,73,37,75,37,75,38,76,38,84,38,84,44,83,44,83,45,83,47,82,47,82,47,82,52,81,52,80,53,80,58,80,58,79,58,79,62,78,62,78,62,78,68,77,68,77,69,77,74,76,74,75,74,75,80,74,80,74,81,74,91,73,91,73,91,73,107,73,107,74,107,74,118,74,118,75,118,75,124,76,125,77,125,77,131,77,131,78,131,78,136,78,137,79,137,79,140,80,141,80,141,80,146,81,146,82,146,82,151,82,151,83,151,83,155,83,155,84,155,84,160,81,160,80,161,80,162,80,162,79,162,79,163,77,163,77,163,77,164,73,164,73,165,73,166,72,166,71,166,71,167,69,167,69,167,69,168,65,168,65,165,65,164,64,164,64,162,64,162,63,162,63,157,62,156,61,156,61,153,61,152,60,152,60,149,60,148,59,148,59,145,59,144,58,144,58,139,57,139,56,139,56,134,56,134,55,134,55,126,55,126,54,126,54,115,53,115,52,115
86,35,87,35,87,35,87,34,101,34,101,38,100,38,100,38,100,119,100,119,101,119,101,166,94,166,93,166,93,167,89,167,89,161,88,160,87,160,87,118,87,118,86,118
104,35,109,35,109,35,109,34,114,34,114,35,114,35,115,35,115,58,114,58,114,58,114,74,114,74,115,74,115,75,114,75,114,75,114,80,114,81,115,81,115,90,114,90,114,90,114,92,114,93,115,93,115,162,116,162,117,162,117,168,107,168,107,165,106,164,105,164,105,95,105,95,104,95
135,53,149,53,149,136,149,137,150,137,150,152,149,152,149,153,149,154,143,154,143,153,142,152,139,152,139,153,139,154,136,154,136,153,136,152,135,152
157,50,167,50,167,52,166,52,166,53,166,56,166,57,167,57,167,58,166,58,166,58,166,64,166,65,167,65,167,66,166,66,166,66,166,67,166,67,167,67,167,155,166,155,166,153,166,152,162,152,162,153,162,154,160,154,160,150,159,150,158,150,158,147,158,147,157,147
175,42,181,42,181,44,181,45,182,45,182,74,183,74,184,74,184,128,183,128,182,129,182,130,183,130,184,130,184,135,183,135,182,135,182,144,183,145,184,145,184,163,183,163,182,163,182,168,178,168,177,169,177,170,175,170
181,1,190,1,190,18,189,18,189,18,189,19,188,19,188,18,188,18,187,18,186,18,186,19,183,19,183,18,182,18,181,18
181,42,190,42,190,43,190,43,191,43,191,134,190,134,190,134,190,135,187,135,187,134,186,134,185,134,185,134,185,135,184,135,184,74,184,74,183,74,183,45,182,44,181,44
190,31,198,31,198,32,198,33,199,33,199,62,198,62,198,62,198,82,198,82,199,82,199,116,198,116,198,117,198,119,198,119,199,119,199,174,192,174,192,166,191,166,190,166,190,165,191,165,192,164,192,154,191,154,190,154,190,134,191,134,192,134,192,43,191,43,190,43
192,1,199,1,199,2,200,2,200,2,200,3,200,3,199,3,199,7,200,7,200,7,200,18,192,18
206,55,230,55,230,59,229,59,229,59,229,143,229,143,230,143,230,151,229,151,229,151,229,152,220,152,220,151,220,151,210,151,210,151,210,152,206,152,206,147,207,147,207,147,207,59,207,59,206,59
254,90,255,90,255,90,255,81,256,81,256,82,256,82,261,82,261,82,261,81,262,81,262,82,263,82,264,82,264,83,263,83,262,83,262,146,263,146,264,146,264,150,263,150,262,150,262,151,254,151,254,113,255,113,255,112,255,106,255,106,254,106
