54,156,55,156,56,155,56,147,57,147,57,146,57,139,58,139,59,139,59,133,60,133,60,133,60,126,61,126,62,125,62,114,63,114,63,113,63,112,73,112,73,115,72,115,72,115,72,125,71,125,70,126,70,133,69,133,69,133,69,139,68,139,67,139,67,148,66,148,66,148,66,157,65,157,64,157,64,164,65,165,66,165,66,173,66,174,67,174,67,179,68,180,69,180,69,185,66,185,66,186,66,187,63,187,63,187,63,188,60,188,60,186,60,185,59,185,59,181,58,181,57,181,57,175,57,175,56,175,56,166,55,166,54,166
72,142,73,142,74,142,74,138,75,138,75,137,75,133,76,133,77,133,77,129,78,129,78,128,78,124,79,124,80,124,80,118,81,118,81,118,81,111,82,111,82,110,82,87,82,86,81,86,81,76,81,76,80,76,80,70,79,70,78,70,78,66,78,65,77,65,77,61,76,61,75,61,75,57,75,56,74,56,74,54,75,54,75,53,75,52,78,52,78,52,78,51,84,51,84,52,84,52,85,52,85,56,85,57,87,57,87,61,87,61,88,61,88,65,88,66,90,66,90,70,90,70,91,70,91,77,91,78,92,78,92,112,91,112,91,112,91,119,90,119,90,120,90,125,88,125,88,126,88,131,87,131,87,132,87,136,85,136,85,136,85,143,84,143,84,144,84,149,82,149,82,150,82,151,78,151,78,150,78,149,72,149
125,108,127,108,127,107,127,70,134,70,134,70,134,69,146,69,146,70,146,70,162,70,162,71,162,72,164,72,164,154,162,154,162,154,162,155,160,155,159,156,159,157,152,157,152,157,152,158,142,158,142,157,141,157,128,157,128,147,128,146,127,146,127,118,127,118,125,118
170,33,174,33,174,34,174,34,186,34,186,35,186,36,202,36,202,67,202,67,204,67,204,89,202,89,202,90,202,94,202,94,204,94,204,95,202,95,202,96,202,103,202,103,204,103,204,187,204,187,205,187,205,196,204,196,204,196,204,197,195,197,195,196,195,196,170,196,170,184,171,184,171,184,171,151,171,151,170,151
222,49,233,49,233,77,234,78,235,78,235,122,235,123,236,123,236,179,235,179,235,180,235,181,222,181,222,165,223,165,223,164,223,118,223,118,222,118,222,112,223,112,223,112,223,109,223,109,222,109
248,39,260,39,260,65,260,66,261,66,261,101,262,102,263,102,263,146,263,147,264,147,264,160,263,160,263,160,263,161,263,162,264,162,264,169,263,169,263,169,263,172,263,172,264,172,264,193,259,193,258,193,258,194,254,194,254,195,254,196,251,196,251,114,251,113,250,113,250,112,251,112,251,112,251,111,251,110,250,110,250,67,250,67,248,67
271,46,279,46,279,59,280,60,282,60,282,61,280,61,279,61,279,77,280,78,281,78,281,136,281,136,282,136,282,175,282,175,284,175,284,187,275,187,275,186,275,185,274,185,274,121,273,121,272,121,272,91,272,91,271,91
281,61,282,61,282,61,282,60,290,60,290,62,290,63,291,63,291,64,290,64,290,64,290,76,290,76,291,76,291,113,291,114,292,114,292,122,291,122,291,123,291,127,291,127,292,127,292,128,291,128,291,129,291,140,291,141,292,141,292,169,293,169,294,169,294,172,285,172,285,168,285,167,284,167,284,136,284,136,282,136,282,133,284,133,284,133,284,130,284,130,282,130,282,73,282,73,281,73
291,42,300,42,300,65,300,66,301,66,301,67,300,67,300,67,300,68,300,69,301,69,301,104,302,105,303,105,303,160,303,160,304,160,304,182,305,183,306,183,306,184,305,184,304,184,304,191,296,191,296,183,295,182,294,182,294,130,294,130,293,130,293,82,292,82,291,82
302,48,310,48,310,64,311,64,312,64,312,113,312,114,313,114,313,185,312,185,312,184,312,184,306,184,306,183,306,182,305,182,305,124,304,124,303,124,303,88,303,88,302,88
