72,217,74,217,75,217,75,199,76,199,77,198,77,185,79,185,79,184,79,175,81,175,82,175,82,164,83,164,84,163,84,157,86,157,86,156,86,148,88,148,89,147,89,141,90,141,91,140,91,136,93,136,93,135,93,129,95,129,96,129,96,122,97,122,98,122,98,118,100,118,100,117,100,111,102,111,103,110,103,104,104,104,105,103,105,99,107,99,107,98,107,92,109,92,110,92,110,85,111,85,112,85,112,81,114,81,114,80,114,74,116,74,117,73,117,69,118,69,119,68,119,64,121,64,121,64,121,60,123,60,124,59,124,55,125,55,126,54,126,48,128,48,128,48,128,41,130,41,131,41,131,39,151,39,151,41,152,41,163,41,163,43,164,43,168,43,168,45,168,46,170,46,170,48,171,48,175,48,175,50,175,50,177,50,177,54,175,54,175,55,175,59,173,59,172,60,172,64,171,64,170,64,170,66,168,66,168,67,168,71,166,71,165,71,165,73,164,73,163,74,163,78,161,78,161,78,161,82,159,82,158,83,158,87,157,87,156,87,156,92,154,92,154,92,154,98,152,98,151,99,151,103,150,103,149,104,149,108,147,108,147,108,147,112,145,112,144,113,144,115,142,115,142,115,142,122,140,122,140,122,140,129,138,129,137,129,137,138,135,138,135,138,135,145,133,145,133,145,133,152,131,152,130,152,130,156,128,156,128,157,128,166,126,166,125,166,125,173,124,173,123,173,123,182,121,182,121,182,121,193,119,193,118,194,118,207,117,207,116,208,116,226,114,226,114,226,114,302,114,303,116,303,116,316,117,317,118,317,118,335,119,335,121,335,121,346,121,347,123,347,123,353,124,354,125,354,125,362,126,363,128,363,128,369,128,370,130,370,130,374,131,375,133,375,133,381,133,381,135,381,135,385,135,386,137,386,137,390,138,391,140,391,140,395,140,395,142,395,142,399,142,400,144,400,144,404,145,405,147,405,147,406,147,407,149,407,149,411,150,412,151,412,151,416,152,416,154,416,154,420,154,421,156,421,156,425,157,425,158,425,158,429,159,430,161,430,161,432,161,432,163,432,163,436,164,437,165,437,165,439,166,439,168,439,168,443,168,444,170,444,170,453,168,453,168,453,168,457,166,457,165,458,165,460,159,460,158,460,158,462,154,462,154,460,154,460,140,460,140,458,140,457,138,457,138,456,137,455,135,455,135,453,135,453,133,453,133,451,133,450,131,450,131,449,130,448,128,448,128,446,128,446,126,446,126,442,125,441,124,441,124,439,123,439,121,439,121,437,121,436,119,436,119,432,118,432,117,432,117,430,116,429,114,429,114,425,114,425,112,425,112,421,111,420,110,420,110,418,109,418,107,418,107,414,107,413,105,413,105,407,104,406,103,406,103,402,102,402,100,402,100,398,100,397,98,397,98,393,97,392,96,392,96,386,95,385,93,385,93,381,93,381,91,381,91,375,90,374,89,374,89,368,88,367,86,367,86,361,86,360,84,360,84,351,83,351,82,351,82,342,81,342,79,342,79,333,79,332,77,332,77,321,76,321,75,321,75,298,74,298,72,298
131,185,147,185,147,205,147,206,149,206,149,207,147,207,147,208,147,221,147,222,149,222,149,328,147,328,147,328,147,335,147,335,149,335,149,339,133,339,133,210,133,210,131,210
157,104,158,104,159,103,159,94,172,94,172,96,173,97,175,97,175,198,173,198,172,199,172,200,171,200,171,199,170,198,159,198,159,196,158,196,157,196,157,194,158,194,159,193,159,122,158,122,157,122
164,381,165,381,166,381,166,314,175,314,175,316,175,317,182,317,182,339,180,339,179,340,179,409,168,409,168,409,168,411,164,411
182,233,184,233,185,233,185,189,198,189,198,191,199,192,200,192,200,279,199,279,198,280,198,288,182,288
203,141,205,141,206,140,206,87,208,87,208,87,208,55,210,55,210,54,210,53,217,53,217,54,217,55,231,55,231,61,229,61,229,62,229,177,227,177,226,178,226,205,208,205,208,203,208,203,203,203,203,178,205,178,206,177,206,150,205,149,203,149
206,333,208,333,208,332,208,300,210,300,210,300,210,296,210,295,208,295,208,291,210,291,210,291,210,268,222,268,222,270,222,270,229,270,229,311,227,311,226,312,226,355,225,355,224,356,224,367,215,367,215,365,215,365,206,365
239,393,240,393,241,392,241,356,243,356,243,355,243,335,250,335,250,337,250,337,259,337,259,339,260,340,261,340,261,346,260,346,259,347,259,379,257,379,257,379,257,416,255,416,254,416,254,434,243,434,243,435,243,436,241,436,241,435,240,434,239,434
241,194,243,194,243,193,243,157,245,157,246,156,246,150,245,149,243,149,243,143,245,143,246,142,246,141,247,141,247,142,248,143,264,143,264,184,262,184,261,185,261,198,262,199,264,199,264,200,262,200,261,201,261,242,260,242,259,243,259,249,243,249,243,243,243,242,241,242,241,236,243,236,243,235,243,224,243,223,241,223,241,212,243,212,243,212,243,210,243,210,241,210
269,321,271,321,271,321,271,250,273,250,274,249,274,145,275,145,276,145,276,99,278,99,278,98,278,81,297,81,297,152,295,152,294,152,294,263,292,263,292,263,292,307,290,307,290,307,290,330,288,330,287,331,287,335,285,335,285,335,285,337,269,337
