25,354,27,354,27,353,27,350,29,350,29,349,29,343,31,343,31,343,31,337,33,337,34,336,34,333,35,333,36,332,36,327,37,327,38,326,38,320,39,320,40,320,40,316,41,316,42,316,42,310,48,310,48,311,48,312,52,312,52,314,51,314,50,314,50,318,48,318,48,318,48,324,46,324,46,325,46,328,44,328,44,329,44,336,42,336,41,337,41,341,40,341,39,341,39,347,38,347,37,347,37,355,36,355,35,356,35,359,25,359
40,350,41,350,42,349,42,343,44,343,44,343,44,337,46,337,46,336,46,331,48,331,48,330,48,325,50,325,51,324,51,318,58,318,58,322,57,322,56,322,56,328,55,328,54,329,54,334,53,334,52,335,52,341,51,341,50,341,50,347,48,347,48,347,48,353,46,353,46,352,46,351,40,351
48,352,50,352,51,351,51,345,52,345,53,345,53,341,54,341,55,341,55,333,56,333,57,332,57,327,58,327,59,326,59,320,61,320,61,320,61,314,69,314,69,320,68,320,67,320,67,324,65,324,65,325,65,330,63,330,63,331,63,336,61,336,61,337,61,347,59,347,58,347,58,353,57,353,56,354,56,357,48,357
48,493,50,493,51,493,51,487,52,487,53,486,53,479,54,479,55,478,55,472,56,472,57,472,57,466,58,466,59,466,59,460,61,460,61,459,61,452,63,452,63,451,63,450,65,450,65,451,65,452,73,452,73,459,72,459,71,460,71,466,70,466,69,466,69,472,68,472,67,472,67,480,65,480,65,481,65,489,63,489,63,489,63,497,61,497,61,497,61,499,48,499
53,366,54,366,55,366,55,360,56,360,57,359,57,354,58,354,59,353,59,347,61,347,61,347,61,341,63,341,63,341,63,335,65,335,65,334,65,329,67,329,68,328,68,320,69,320,70,320,70,316,71,316,72,316,72,304,75,304,75,305,76,306,80,306,80,316,78,316,78,316,78,320,76,320,75,320,75,328,74,328,73,329,73,334,72,334,71,335,71,341,70,341,69,341,69,349,68,349,67,350,67,357,65,357,65,358,65,366,63,366,63,366,63,370,53,370
68,352,69,352,70,351,70,345,71,345,72,345,72,337,73,337,74,336,74,331,75,331,76,330,76,325,78,325,78,324,78,318,80,318,80,318,80,314,86,314,86,316,87,316,88,316,88,318,87,318,86,318,86,324,85,324,84,325,84,330,82,330,82,331,82,339,80,339,80,339,80,347,78,347,78,347,78,353,76,353,75,354,75,357,68,357
68,491,69,491,70,491,70,483,71,483,72,482,72,475,73,475,74,474,74,470,84,470,84,474,82,474,82,475,82,482,80,482,80,483,80,491,78,491,78,491,78,499,68,499
68,172,69,172,70,172,70,166,71,166,72,166,72,158,71,157,70,157,70,156,71,156,72,155,72,147,73,147,74,147,74,141,75,141,76,141,76,135,78,135,78,134,78,129,80,129,80,128,80,127,82,127,82,126,82,122,84,122,85,122,85,118,86,118,87,118,87,114,88,114,89,114,89,110,90,110,91,109,91,104,92,104,93,103,93,100,95,100,95,99,95,93,97,93,97,93,97,91,99,91,99,91,99,89,101,89,102,89,102,87,103,87,104,86,104,83,105,83,106,82,106,77,107,77,108,76,108,72,109,72,110,72,110,66,112,66,112,66,112,62,114,62,114,61,114,60,116,60,116,59,116,56,118,56,119,55,119,54,120,54,121,53,121,52,122,52,123,51,123,47,124,47,125,47,125,45,126,45,127,45,127,41,129,41,129,41,129,35,131,35,131,34,131,31,133,31,133,30,133,27,135,27,136,26,136,20,137,20,138,20,138,18,163,18,163,18,163,16,169,16,170,16,170,14,177,14,178,14,178,12,180,12,180,11,180,10,188,10,188,11,187,11,186,12,186,14,184,14,184,14,184,16,184,16,192,16,193,16,193,12,192,11,191,11,191,10,192,10,193,9,193,8,197,8,197,7,197,6,199,6,199,5,199,4,203,4,204,3,204,2,205,2,206,1,206,0,218,0,218,1,218,2,222,2,222,5,223,6,224,6,225,5,225,4,228,4,228,5,229,6,235,6,235,7,233,7,233,8,233,24,231,24,231,25,231,28,231,29,233,29,233,30,231,30,231,31,231,45,229,45,228,45,228,59,227,59,226,60,226,68,225,68,224,68,224,78,223,78,222,79,222,82,221,82,220,83,220,86,218,86,218,87,218,91,216,91,216,91,216,97,214,97,214,97,214,103,212,103,211,104,211,107,210,107,209,108,209,114,208,114,207,114,207,120,206,120,205,120,205,124,204,124,203,125,203,128,201,128,201,129,201,134,197,134,197,135,197,136,191,136,190,137,190,139,189,139,188,139,188,143,187,143,186,143,186,153,187,154,188,154,188,155,187,155,186,156,186,184,153,184,152,185,152,186,142,186,141,187,141,189,129,189,129,189,129,191,116,191,116,191,116,193,106,193,105,193,105,195,89,195,88,195,88,197,74,197,74,195,73,195,72,195,72,191,71,191,70,191,70,185,69,184,68,184
76,354,78,354,78,353,78,347,80,347,80,347,80,339,82,339,82,339,82,333,84,333,85,332,85,325,86,325,87,324,87,318,88,318,89,318,89,312,99,312,99,314,97,314,97,314,97,322,95,322,95,322,95,328,93,328,92,329,92,336,91,336,90,337,90,343,89,343,88,343,88,351,87,351,86,352,86,357,78,357,78,356,78,355,76,355
80,493,82,493,82,493,82,485,84,485,85,484,85,477,86,477,87,476,87,466,88,466,89,466,89,456,90,456,91,455,91,445,95,445,95,447,95,447,97,447,97,449,95,449,95,450,95,451,95,452,101,452,101,457,102,458,103,458,103,459,102,459,101,460,101,461,99,461,99,462,99,464,99,464,101,464,101,466,99,466,99,466,99,470,97,470,97,470,97,476,95,476,95,477,95,486,93,486,92,487,92,497,91,497,90,497,90,499,80,499
93,495,95,495,95,495,95,487,97,487,97,486,97,477,99,477,99,476,99,466,101,466,102,466,102,460,103,460,104,459,104,456,105,456,105,457,106,458,114,458,114,464,112,464,112,464,112,468,112,468,114,468,114,470,112,470,112,470,112,474,110,474,109,475,109,476,110,477,112,477,112,478,110,478,109,479,109,480,108,480,107,481,107,486,108,487,109,487,109,489,106,489,105,489,105,499,93,499
108,489,109,489,110,489,110,479,112,479,112,478,112,470,114,470,114,470,114,468,124,468,124,480,123,480,122,481,122,491,121,491,120,491,120,499,108,499
116,243,118,243,119,243,119,237,120,237,121,236,121,229,122,229,123,228,123,222,124,222,125,222,125,214,126,214,127,214,127,210,137,210,137,216,136,216,135,216,135,222,133,222,133,222,133,228,131,228,131,229,131,234,129,234,129,235,129,243,127,243,126,243,126,251,116,251
129,241,131,241,131,241,131,233,133,233,133,232,133,225,135,225,136,224,136,216,137,216,138,216,138,210,139,210,140,209,140,208,146,208,146,209,146,210,148,210,148,211,146,211,146,212,146,218,144,218,143,218,143,224,142,224,141,225,141,232,140,232,139,233,139,239,138,239,137,239,137,245,138,245,139,245,139,247,138,247,137,247,137,251,129,251
138,239,139,239,140,239,140,233,141,233,142,232,142,225,143,225,144,224,144,218,146,218,146,218,146,212,148,212,148,211,148,210,154,210,154,218,153,218,152,218,152,224,150,224,150,225,150,232,148,232,148,233,148,243,146,243,146,243,146,249,144,249,144,247,143,247,140,247,140,245,139,245,138,245
146,243,148,243,148,243,148,233,150,233,150,232,150,225,152,225,153,224,153,218,154,218,155,218,155,208,163,208,163,216,161,216,160,216,160,222,159,222,158,222,158,228,157,228,156,229,156,236,157,237,158,237,158,239,155,239,154,239,154,249,146,249
193,156,194,156,195,155,195,145,214,145,214,147,214,147,216,147,216,153,214,153,214,154,214,168,212,168,211,168,211,170,197,170,197,170,197,172,193,172
199,477,201,477,201,476,201,454,203,454,204,453,204,435,205,435,206,434,206,414,207,414,208,414,208,391,209,391,210,391,210,372,211,372,212,372,212,354,214,354,214,353,214,331,216,331,216,330,216,310,218,310,218,309,218,283,220,283,221,282,221,262,222,262,223,261,223,235,224,235,225,234,225,220,239,220,240,220,240,218,241,218,241,224,240,224,239,225,239,251,238,251,237,252,237,303,235,303,235,304,235,341,233,341,233,341,233,364,231,364,231,364,231,391,229,391,228,391,228,420,227,420,226,420,226,449,225,449,224,450,224,470,223,470,222,470,222,493,221,493,220,493,220,499,199,499
212,168,214,168,214,168,214,154,216,154,216,153,216,147,216,147,214,147,214,145,216,145,216,145,216,143,226,143,226,149,225,149,224,150,224,172,212,172
227,175,228,175,229,174,229,154,231,154,231,153,231,120,233,120,233,120,233,89,235,89,235,89,235,64,237,64,238,64,238,29,239,29,240,28,240,0,250,0,250,3,248,3,248,4,248,72,246,72,245,72,245,132,244,132,243,133,243,174,242,174,241,175,241,211,240,211,240,210,239,209,231,209,231,210,231,211,227,211
