17,915,21,915,21,914,21,912,26,912,26,914,26,915,40,915,40,919,41,920,43,920,43,926,43,927,45,927,45,946,43,946,43,946,43,955,41,955,40,956,40,958,19,958,19,953,18,953,17,953
24,490,26,490,26,489,26,473,28,473,29,472,29,463,30,463,31,463,31,454,33,454,34,453,34,446,35,446,36,446,36,441,38,441,38,441,38,434,40,434,41,434,41,429,43,429,43,429,43,425,45,425,46,424,46,422,48,422,48,422,48,420,50,420,50,422,51,422,55,422,55,424,55,425,57,425,57,426,58,427,60,427,60,436,58,436,57,437,57,441,55,441,55,441,55,446,53,446,52,446,52,451,51,451,50,451,50,458,48,458,48,458,48,465,46,465,45,466,45,477,43,477,43,478,43,489,41,489,40,490,40,559,41,560,43,560,43,574,43,574,45,574,45,583,46,584,48,584,48,591,48,591,50,591,50,598,51,598,52,598,52,603,53,603,55,603,55,608,55,608,57,608,57,612,58,613,60,613,60,615,60,615,65,615,65,622,55,622,55,623,55,624,51,624,50,625,50,627,48,627,48,623,48,622,46,622,46,620,45,620,43,620,43,615,43,615,41,615,41,611,40,610,38,610,38,606,38,605,36,605,36,598,35,598,34,598,34,594,33,593,31,593,31,584,30,583,29,583,29,574,28,574,26,574,26,557,26,557,24,557
41,879,43,879,43,878,43,838,45,838,46,837,46,835,57,835,58,835,58,833,62,833,62,835,63,835,67,835,67,837,68,838,69,838,70,837,70,835,74,835,75,835,75,833,74,832,70,832,70,830,69,830,63,830,63,823,62,822,60,822,60,821,62,821,63,820,63,809,65,809,65,808,65,796,67,796,68,796,68,782,69,782,70,781,70,777,74,777,74,779,75,780,82,780,82,781,82,782,111,782,111,784,111,784,113,784,113,798,111,798,111,799,111,808,109,808,108,809,108,820,106,820,106,821,106,837,104,837,103,838,103,854,102,854,101,854,101,866,102,867,103,867,103,878,102,878,101,879,101,892,99,892,99,893,99,897,97,897,96,898,96,900,92,900,91,900,91,902,89,902,89,903,89,907,85,907,84,908,84,909,82,909,82,910,82,912,80,912,79,912,79,917,75,917,75,910,74,909,72,909,72,910,72,926,70,926,69,927,69,965,68,965,67,966,67,975,68,975,69,975,69,1004,70,1004,72,1004,72,1023,43,1023,43,1011,43,1011,41,1011,41,956,43,956,43,955,43,946,45,946,46,946,46,927,45,926,43,926,43,920,43,919,41,919,41,910,43,910,43,909,43,896,43,895,41,895
43,0,111,0,111,18,109,18,108,19,108,25,109,26,111,26,111,45,109,45,108,45,108,54,106,54,106,55,106,62,104,62,103,62,103,69,102,69,101,70,101,76,102,77,103,77,103,79,102,79,101,79,101,81,99,81,99,82,99,83,97,83,96,84,96,86,97,86,99,86,99,91,97,91,96,91,96,93,94,93,94,91,94,91,89,91,89,91,89,98,89,99,91,99,92,98,92,96,94,96,94,161,94,161,96,161,96,175,97,176,99,176,99,187,99,188,101,188,101,199,102,200,103,200,103,216,104,217,106,217,106,231,106,231,108,231,108,238,106,238,106,239,106,240,99,240,99,241,99,243,94,243,94,241,94,240,85,240,84,241,84,243,75,243,75,239,74,238,72,238,72,212,72,211,70,211,70,198,69,197,68,197,68,188,67,187,65,187,65,181,65,180,63,180,63,171,62,170,60,170,60,159,60,158,58,158,58,149,57,149,55,149,55,140,55,139,53,139,53,113,52,112,51,112,51,111,52,111,53,110,53,99,55,99,55,98,55,91,57,91,57,93,58,94,60,94,60,96,60,96,65,96,65,96,65,84,65,83,63,83,63,79,62,79,60,79,60,77,60,76,58,76,58,74,57,74,53,74,53,67,52,67,51,67,51,65,52,65,53,64,53,57,52,57,51,57,51,41,50,40,48,40,48,33,48,33,46,33,46,21,45,21,43,21
60,540,62,540,63,540,63,400,65,400,65,400,65,398,72,398,72,400,72,400,94,400,94,402,94,403,120,403,120,405,121,405,123,405,123,414,121,414,120,415,120,554,119,554,118,555,118,559,119,560,120,560,120,574,119,574,118,574,118,627,119,627,120,627,120,653,116,653,116,652,116,651,104,651,103,652,103,653,97,653,97,652,96,651,75,651,75,649,74,649,63,649,63,623,65,623,65,622,65,615,65,615,63,615,63,608,62,608,60,608,60,579,62,579,63,579,63,557,62,557,60,557
97,84,99,84,99,83,99,82,101,82,102,81,102,79,103,79,104,79,104,77,118,77,119,76,119,74,120,74,120,76,121,77,123,77,123,86,123,86,125,86,125,103,126,103,128,103,128,115,128,115,130,115,130,132,131,132,133,132,133,149,133,149,135,149,135,168,136,169,137,169,137,185,138,185,140,185,140,199,141,200,142,200,142,214,143,214,145,214,145,224,145,224,147,224,147,238,143,238,142,239,142,240,128,240,128,239,128,238,126,238,126,234,125,233,123,233,123,222,123,221,121,221,121,207,120,207,119,207,119,195,118,195,116,195,116,181,116,180,114,180,114,169,113,168,111,168,111,149,111,149,109,149,109,135,108,134,106,134,106,115,106,115,104,115,104,103,103,103,102,103,102,86,101,86,97,86
114,0,130,0,130,59,121,59,120,60,120,62,119,62,119,60,118,59,116,59,116,26,116,25,114,25
114,859,116,859,116,859,116,796,118,796,119,796,119,784,125,784,125,818,123,818,123,818,123,885,116,885,116,883,116,883,114,883
128,584,130,584,131,583,131,480,150,480,150,482,150,483,152,483,152,487,150,487,150,487,150,562,148,562,147,562,147,593,141,593,141,591,140,591,131,591,131,589,130,588,128,588
162,521,174,521,174,523,175,524,176,524,176,545,162,545
201,811,203,811,204,810,204,775,206,775,206,774,206,739,208,739,209,738,209,690,210,690,211,690,211,659,213,659,213,658,213,632,215,632,216,632,216,562,218,562,218,562,218,427,220,427,221,426,221,393,223,393,223,393,223,309,225,309,226,308,226,198,227,198,228,197,228,86,230,86,230,86,230,24,230,23,228,23,228,12,244,12,245,11,245,9,261,9,261,11,262,12,271,12,272,11,272,9,296,9,296,124,294,124,293,125,293,129,294,130,296,130,296,146,294,146,293,147,293,185,291,185,291,185,291,257,289,257,288,258,288,260,289,260,291,260,291,267,289,267,288,268,288,352,286,352,286,352,286,393,284,393,283,393,283,426,282,426,281,427,281,434,282,434,283,434,283,441,282,441,281,441,281,559,279,559,278,560,278,588,277,588,276,589,276,622,274,622,274,623,274,632,274,632,276,632,276,644,274,644,274,644,274,728,272,728,271,729,271,779,269,779,269,780,269,818,267,818,266,818,266,822,267,823,269,823,269,842,267,842,266,842,266,888,267,888,269,888,269,919,269,920,271,920,271,931,269,931,269,932,269,938,269,939,271,939,271,948,269,948,269,949,269,984,267,984,266,985,266,1004,265,1004,264,1004,264,1023,204,1023,204,978,206,978,206,977,206,881,206,880,204,880,204,840,203,839,201,839
277,811,278,811,279,810,279,751,300,751,300,752,301,753,317,753,317,755,318,755,337,755,337,777,335,777,334,777,334,784,335,784,337,784,337,786,335,786,334,787,334,793,335,794,337,794,337,832,335,832,334,833,334,837,335,838,337,838,337,938,335,938,334,939,334,941,335,941,337,941,337,960,333,960,332,961,332,965,325,965,325,963,325,963,316,963,316,961,315,960,306,960,306,958,305,958,284,958,284,956,283,955,277,955,277,867,278,867,279,866,279,833,278,832,277,832
294,598,296,598,296,598,296,565,298,565,299,564,299,562,300,562,301,562,301,495,300,494,299,494,299,444,300,444,301,443,301,384,300,383,299,383,299,376,300,376,301,376,301,374,310,374,311,373,311,371,347,371,347,373,347,374,349,374,349,409,347,409,347,410,347,472,345,472,344,473,344,504,342,504,342,504,342,516,342,516,344,516,344,521,342,521,342,521,342,523,342,524,344,524,344,525,342,525,342,526,342,542,342,543,344,543,344,559,342,559,342,560,342,595,340,595,339,596,339,682,337,682,337,683,337,697,294,697
306,227,308,227,308,226,308,147,310,147,311,146,311,144,337,144,337,144,337,142,351,142,351,144,352,144,356,144,356,187,354,187,354,188,354,265,352,265,351,265,351,315,350,315,350,313,349,313,345,313,344,313,344,315,325,315,325,313,325,313,306,313
