0,463,1,463,2,463,2,461,9,461,9,499,2,499,2,495,1,495,0,495,0,489,1,489,2,489,2,485,1,485,0,485,0,481,1,481,2,481,2,465,1,465,0,465
6,56,7,56,8,55,8,28,9,28,10,27,10,0,22,0,22,13,20,13,20,14,20,70,18,70,18,70,18,74,18,74,20,74,20,86,18,86,18,86,18,98,16,98,16,98,16,104,10,104,10,102,9,102,8,102,8,98,7,98,6,98
37,288,39,288,39,287,39,280,41,280,41,279,41,276,47,276,47,283,45,283,45,284,45,303,45,304,47,304,47,305,39,305,39,298,39,297,37,297
37,439,39,439,39,439,39,364,41,364,41,364,41,362,53,362,53,392,54,393,57,393,57,420,54,420,53,421,53,439,54,439,57,439,57,443,54,443,53,443,53,445,54,445,55,445,55,451,37,451
41,157,43,157,43,156,43,110,45,110,45,110,45,78,47,78,47,78,47,76,70,76,70,84,68,84,68,84,68,110,66,110,66,110,66,138,64,138,63,139,63,186,43,186,43,187,43,189,41,189
52,461,53,461,54,461,54,451,55,451,56,451,56,443,57,443,58,443,58,439,57,439,56,439,56,421,57,421,58,420,58,393,57,392,56,392,56,348,55,348,54,348,54,346,55,346,56,346,56,342,84,342,85,342,85,340,93,340,93,342,93,342,95,342,95,420,93,420,93,421,93,471,91,471,91,471,91,473,87,473,87,471,86,471,54,471,54,469,53,469,52,469
66,189,68,189,68,189,68,143,70,143,70,142,70,72,72,72,72,72,72,70,74,70,74,72,74,72,101,72,101,86,99,86,99,86,99,148,97,148,97,149,97,193,95,193,95,193,95,197,93,197,93,195,93,195,91,195,91,195,91,197,66,197
81,268,82,268,83,267,83,266,91,266,91,267,91,268,93,268,93,271,93,272,95,272,95,273,95,274,97,274,97,279,97,280,99,280,99,287,99,288,101,288,101,295,99,295,99,296,99,303,97,303,97,304,97,307,95,307,95,308,95,309,93,309,93,310,93,314,91,314,91,314,91,316,89,316,88,316,88,318,87,318,86,318,86,320,83,320,83,318,82,318,81,318,81,310,82,310,83,309,83,308,84,308,85,307,85,304,86,304,87,303,87,298,88,298,89,297,89,284,88,283,87,283,87,280,86,279,85,279,85,276,84,275,83,275,83,274,82,273,81,273
99,221,101,221,101,221,101,187,103,187,104,186,104,145,105,145,106,144,106,40,107,40,108,39,108,38,113,38,113,39,114,40,138,40,138,41,139,42,141,42,141,74,139,74,138,74,138,86,139,86,141,86,141,108,141,108,143,108,143,148,141,148,141,149,141,158,139,158,138,159,138,172,137,172,136,173,136,205,135,205,134,205,134,227,129,227,129,225,128,225,99,225
106,348,107,348,108,348,108,288,126,288,126,289,126,290,128,290,128,299,126,299,126,300,126,362,124,362,124,362,124,388,122,388,122,389,122,416,122,417,124,417,124,422,124,423,130,423,130,424,131,425,132,425,133,424,133,423,136,423,136,432,131,432,131,431,130,430,126,430,126,429,126,428,124,428,124,429,124,430,122,430,122,431,122,432,114,432,113,433,113,434,106,434
129,264,130,264,131,263,131,262,134,262,135,261,135,260,143,260,143,261,143,262,149,262,149,261,149,260,157,260,158,259,158,258,168,258,168,257,168,256,176,256,176,255,176,254,180,254,181,253,181,252,190,252,190,263,191,264,193,264,193,378,191,378,190,379,190,410,189,410,188,411,188,420,189,421,190,421,190,436,189,436,188,437,188,439,183,439,182,439,182,441,172,441,172,441,172,443,158,443,158,441,157,441,151,441,151,439,151,439,145,439,145,435,145,434,139,434,139,433,138,432,137,432,137,423,138,423,138,424,139,425,141,425,141,424,141,389,141,388,139,388,139,383,141,383,141,382,141,336,141,336,139,336,139,320,138,320,137,320,137,312,136,311,135,311,135,304,134,303,133,303,133,292,132,291,131,291,131,282,130,281,129,281
145,177,147,177,147,176,147,96,149,96,149,96,149,54,153,54,154,53,154,52,159,52,159,53,160,54,161,54,161,88,160,88,159,88,159,215,149,215,149,213,149,213,145,213
174,151,188,151,188,162,187,162,186,163,186,189,187,189,188,189,188,217,176,217,176,215,176,215,174,215
174,96,176,96,176,96,176,48,178,48,178,47,178,46,188,46,188,47,189,48,190,48,190,53,189,53,188,54,188,100,187,100,186,100,186,126,176,126,176,120,176,120,174,120,174,100,176,100,176,100,176,98,176,98,174,98
174,26,176,26,176,25,176,20,178,20,178,19,178,16,180,16,181,15,181,10,182,10,183,9,183,6,184,6,185,5,185,4,186,4,187,3,187,0,211,0,211,7,210,7,209,8,209,15,208,15,207,16,207,19,206,19,205,20,205,27,203,27,203,28,203,29,174,29
191,133,207,133,207,134,208,135,209,135,209,144,210,145,211,145,211,223,210,223,209,223,209,225,193,225,193,223,193,223,191,223
195,56,197,56,197,55,197,46,213,46,213,49,214,50,215,50,215,86,195,86
191,252,193,252,193,253,193,254,195,254,195,253,195,252,230,252,230,267,228,267,228,268,228,386,228,387,230,387,230,432,228,432,228,433,228,434,222,434,222,435,222,436,193,436,193,405,193,404,191,404,191,401,193,401,193,400,193,264,193,263,191,263
208,133,209,133,210,132,210,131,211,131,212,130,212,129,228,129,228,130,228,131,230,131,230,138,228,138,228,139,228,140,228,141,230,141,230,142,228,142,228,143,228,152,228,153,230,153,230,229,214,229,214,225,213,225,212,225,212,179,213,179,214,178,214,169,213,168,212,168,212,135,211,134,208,134
214,44,234,44,234,86,233,86,232,86,232,88,231,88,231,86,230,86,216,86,216,50,215,49,214,49
231,175,232,175,233,174,233,151,234,151,234,152,235,153,240,153,240,164,241,165,242,165,242,221,233,221,233,177,232,176,231,176
241,44,247,44,247,45,247,46,249,46,249,45,249,44,251,44,251,47,251,48,253,48,253,49,251,49,251,50,251,51,251,52,253,52,253,84,249,84,249,82,249,82,241,82
241,405,247,405,247,406,247,407,253,407,253,451,253,451,255,451,255,453,253,453,253,453,253,463,241,463
241,252,242,252,243,251,243,247,259,247,259,249,260,250,261,250,261,259,260,259,259,260,259,400,258,400,257,401,257,402,255,402,255,403,255,406,247,406,247,405,247,404,243,404,243,344,242,344,241,344,241,304,242,304,243,303,243,302,242,301,241,301,241,288,242,288,243,287,243,280,242,279,241,279,241,278,242,278,243,277,243,254,242,253,241,253
253,407,255,407,255,406,255,405,263,405,263,453,258,453,257,453,257,455,255,455,255,451,255,451,253,451
266,405,276,405,276,453,270,453,270,453,270,455,268,455,268,453,267,453,266,453,266,445,267,445,268,445,268,423,267,422,266,422,266,417,267,417,268,416,268,415,267,414,266,414
274,108,276,108,276,108,276,104,282,104,282,106,283,106,284,106,284,108,285,108,286,108,286,112,287,112,288,112,288,114,289,114,290,114,290,118,291,118,292,118,292,140,291,140,290,141,290,142,289,142,288,143,288,146,287,146,286,147,286,148,285,148,284,149,284,150,283,150,282,151,282,152,278,152,278,151,278,150,276,150,276,145,278,145,278,144,278,143,280,143,280,142,280,139,282,139,283,138,283,135,284,135,285,134,285,122,284,122,283,122,283,118,282,118,280,118,280,116,280,116,278,116,278,112,278,112,276,112,276,110,276,110,274,110
276,254,280,254,280,255,280,256,282,256,283,255,283,254,284,254,284,322,285,322,286,322,286,328,285,328,284,328,284,368,285,368,286,368,286,370,285,370,284,370,284,374,285,375,286,375,286,398,287,399,288,399,288,457,278,457,278,407,278,406,276,406,276,375,278,375,278,374,278,364,280,364,280,364,280,362,282,362,283,362,283,356,282,356,276,356
293,52,297,52,297,53,297,54,305,54,305,94,305,94,307,94,307,122,308,122,309,122,309,215,310,215,311,215,311,219,310,219,309,219,309,221,301,221,301,221,301,223,297,223,297,118,297,118,295,118,295,88,295,88,293,88
299,268,301,268,301,267,301,266,311,266,311,287,312,288,313,288,313,307,312,307,311,308,311,314,312,314,313,314,313,402,312,402,311,403,311,441,299,441,299,395,301,395,301,394,301,294,301,293,299,293
