29,221,30,221,31,221,31,213,32,213,33,213,33,207,34,207,35,207,35,203,36,203,37,203,37,197,38,197,39,197,39,195,40,195,41,195,41,191,43,191,43,191,43,187,45,187,45,186,45,185,47,185,47,184,47,183,49,183,49,182,49,179,51,179,51,178,51,177,53,177,53,176,53,175,55,175,56,174,56,171,59,171,59,172,60,173,61,173,61,174,62,175,63,175,63,178,64,179,65,179,65,180,66,181,67,181,67,186,66,186,65,187,65,189,64,189,63,189,63,191,62,191,61,191,61,193,60,193,59,193,59,195,58,195,57,195,57,199,56,199,55,199,55,203,53,203,53,203,53,207,51,207,51,207,51,211,49,211,49,211,49,219,47,219,47,219,47,229,45,229,45,229,45,243,45,243,47,243,47,255,47,256,49,256,49,261,49,262,51,262,51,267,51,268,53,268,53,271,53,272,55,272,55,275,56,276,57,276,57,277,58,278,59,278,59,279,60,280,61,280,61,281,62,282,63,282,63,283,64,284,65,284,65,287,66,288,67,288,67,289,68,290,70,290,70,295,68,295,67,296,67,297,66,297,65,298,65,299,64,299,63,300,63,301,58,301,58,300,57,299,56,299,56,298,55,297,53,297,53,296,53,295,51,295,51,294,51,293,49,293,49,292,49,291,47,291,47,290,47,289,45,289,45,288,45,287,43,287,43,284,43,283,41,283,41,282,40,281,39,281,39,278,38,277,37,277,37,274,36,273,35,273,35,270,34,269,33,269,33,266,32,265,31,265,31,256,30,255,29,255
114,110,115,110,116,110,116,108,136,108,136,219,136,219,138,219,138,221,136,221,136,221,136,225,136,225,138,225,138,283,139,284,140,284,140,289,141,290,142,290,142,293,139,293,138,294,138,354,139,354,140,354,140,358,120,358,119,358,119,360,118,360,118,227,117,227,116,227,116,120,115,120,114,120
139,175,140,175,141,174,141,173,142,173,142,174,143,175,171,175,171,219,172,219,173,219,173,291,147,291,146,292,146,293,145,293,145,292,144,291,143,291,143,290,142,289,141,289,141,278,142,278,143,277,143,274,144,274,145,273,145,252,144,251,143,251,143,225,142,225,141,225,141,201,140,201,139,201
176,108,188,108,188,116,186,116,186,116,186,271,186,272,188,272,188,356,182,356,182,356,182,358,178,358,178,233,177,233,176,233
188,116,198,116,198,146,197,146,196,147,196,156,197,157,198,157,198,160,197,160,196,161,196,162,197,163,198,163,198,172,197,172,196,173,196,215,197,215,198,215,198,297,199,298,200,298,200,299,199,299,198,300,198,311,199,312,200,312,200,322,190,322,190,177,190,176,188,176
199,116,204,116,204,124,205,125,206,125,206,148,205,148,204,149,204,154,205,155,206,155,206,158,205,158,204,159,204,168,205,169,206,169,206,174,205,174,204,175,204,267,205,268,206,268,206,299,201,299,201,298,200,297,199,297
205,116,213,116,213,219,213,219,215,219,215,221,213,221,213,221,213,275,213,276,215,276,215,277,213,277,213,278,213,279,207,279,207,125,206,124,205,124
213,247,221,247,221,338,222,338,223,338,223,350,222,350,221,350,221,352,215,352,215,308,215,307,213,307,213,306,215,306,215,305,215,292,215,291,213,291,213,278,215,278,215,277,215,250,215,249,213,249
222,116,227,116,227,233,228,233,229,233,229,235,228,235,227,235,227,237,222,237
222,245,223,245,223,247,224,247,225,247,226,247,226,245,227,245,227,281,228,282,229,282,229,348,224,348,224,338,223,338,222,338
232,167,238,167,238,209,238,209,240,209,240,211,238,211,238,211,238,231,238,231,240,231,240,237,238,237,238,237,238,265,238,266,240,266,240,275,238,275,238,276,238,283,232,283
246,209,252,209,252,259,253,260,254,260,254,261,246,261
