1,222,2,222,3,221,3,215,4,215,5,215,5,211,6,211,6,211,6,210,7,210,8,209,8,206,9,206,10,206,10,205,11,205,11,204,11,203,12,203,13,202,13,201,16,201,16,201,16,199,19,199,20,199,20,198,22,198,23,197,23,196,27,196,28,195,28,194,32,194,32,195,33,196,37,196,37,206,31,206,31,206,31,208,26,208,26,208,26,209,25,209,24,210,24,211,21,211,21,211,21,213,20,213,19,213,19,215,18,215,17,215,17,218,16,218,16,218,16,221,15,221,14,222,14,232,1,232
6,239,11,239,11,239,11,238,17,238,17,239,18,239,19,239,19,241,20,241,21,241,21,242,21,243,22,243,22,244,23,244,27,244,27,246,28,246,31,246,31,248,31,248,37,248,37,258,28,258,28,257,27,256,25,256,25,255,24,254,18,254,18,253,17,253,15,253,15,251,14,251,13,251,13,250,12,249,11,249,11,248,11,248,10,248,10,246,9,246,8,246,8,244,7,244,6,244
16,97,17,97,18,96,18,52,19,52,20,51,20,39,21,39,21,39,21,34,22,34,23,34,23,27,24,27,25,27,25,22,26,22,26,22,26,17,27,17,28,16,28,10,29,10,30,9,30,6,32,6,33,6,33,5,36,5,36,6,36,6,42,6,42,8,43,8,57,8,57,9,58,10,61,10,61,11,61,12,62,12,62,15,61,15,61,15,61,20,60,20,59,20,59,29,58,29,57,29,57,34,56,34,56,34,56,41,55,41,54,41,54,48,53,48,52,48,52,55,51,55,51,55,51,63,50,63,49,64,49,74,48,74,47,74,47,128,46,128,46,128,46,185,41,185,41,185,41,187,35,187,35,185,34,185,21,185,21,161,21,161,20,161,20,151,19,150,18,150,18,145,19,145,20,145,20,144,19,143,18,143,18,99,17,98,16,98
48,241,49,241,50,241,50,239,51,239,51,239,51,236,52,236,53,235,53,229,54,229,55,228,55,224,54,223,53,223,53,218,52,218,51,218,51,213,51,213,50,213,50,211,52,211,53,211,53,210,56,210,56,209,56,208,59,208,59,215,60,215,61,215,61,216,61,217,62,217,62,235,61,235,61,236,61,239,60,239,59,239,59,244,58,244,57,244,57,246,56,246,56,246,56,248,55,248,55,246,54,246,53,246,53,244,52,244,50,244,50,243,49,242,48,242
98,137,109,137,109,138,110,139,126,139,126,155,126,156,127,156,127,183,128,184,129,184,129,213,130,213,131,213,131,248,126,248,126,248,126,249,116,249,116,250,116,251,106,251,106,239,106,239,105,239,105,220,104,220,103,220,103,180,102,180,101,180,101,149,101,148,100,148,100,140,99,140,98,140
128,22,137,22,138,22,138,20,141,20,141,22,141,22,149,22,150,22,150,20,151,20,151,22,151,22,152,22,152,36,153,36,154,36,154,63,155,64,156,64,156,91,156,92,157,92,157,126,158,126,159,126,159,159,160,159,161,159,161,188,161,189,162,189,162,220,163,220,164,220,164,242,156,242,156,243,156,244,146,244,146,244,146,246,138,246,138,229,137,228,136,228,136,208,136,208,135,208,135,175,134,175,133,175,133,173,134,173,135,173,135,172,134,171,133,171,133,144,132,143,131,143,131,112,131,112,130,112,130,69,129,69,128,69,128,64,129,64,130,63,130,59,129,58,128,58
170,72,186,72,186,72,186,71,189,71,189,103,190,104,191,104,191,131,191,132,192,132,192,157,193,158,194,158,194,178,195,178,196,178,196,202,196,203,197,203,197,211,178,211,178,194,177,194,176,194,176,168,176,168,175,168,175,144,174,143,173,143,173,119,172,119,171,119,171,100,171,100,170,100
228,95,229,95,230,95,230,24,249,24,249,25,248,25,247,26,247,63,248,64,249,64,249,82,248,82,247,83,247,242,248,243,249,243,249,249,243,249,243,248,242,248,240,248,240,246,239,246,235,246,235,244,234,244,231,244,231,244,231,246,230,246,230,199,229,199,228,199
251,69,252,69,253,69,253,59,262,59,262,211,263,211,264,211,264,220,263,220,262,220,262,221,256,221,256,220,256,220,253,220,253,199,252,199,251,199
266,31,282,31,282,56,281,56,281,57,281,86,281,86,282,86,282,91,281,91,281,92,281,148,281,149,282,149,282,162,281,162,281,163,281,237,278,237,278,236,277,235,266,235
