0,39,2,39,2,39,2,36,17,36,17,39,17,39,28,39,28,41,29,42,31,42,31,44,32,45,34,45,34,47,35,48,40,48,40,53,41,53,46,53,46,58,47,59,49,59,49,67,50,68,52,68,52,90,50,90,49,90,49,95,47,95,46,96,46,98,44,98,43,99,43,101,41,101,40,102,40,104,38,104,37,105,37,107,32,107,31,107,31,110,26,110,25,110,25,112,8,112,8,105,14,105,14,104,14,102,22,102,23,101,23,99,28,99,29,98,29,96,31,96,32,95,32,93,34,93,35,93,35,88,37,88,38,87,38,62,37,61,35,61,35,59,34,58,32,58,32,56,31,56,26,56,26,53,25,53,20,53,20,51,19,50,5,50,5,51,5,53,2,53,2,51,2,50,0,50
17,494,19,494,20,493,20,485,22,485,23,485,23,477,25,477,26,476,26,471,28,471,29,470,29,468,40,468,40,476,41,477,43,477,43,482,41,482,40,482,40,485,38,485,37,485,37,490,35,490,34,491,34,496,32,496,31,497,31,499,17,499
23,0,46,0,46,22,23,22
59,0,85,0,85,22,65,22,64,22,64,24,62,24,62,19,61,19,59,19
109,397,111,397,112,397,112,394,114,394,115,394,115,392,117,392,118,391,118,383,123,383,124,382,124,380,126,380,127,379,127,377,129,377,129,379,130,380,138,380,139,379,139,377,144,377,145,377,145,375,147,375,148,374,148,372,150,372,151,371,151,360,153,360,154,360,154,292,156,292,157,291,157,281,159,281,159,280,159,272,162,272,162,272,162,267,165,267,165,266,165,258,168,258,168,257,168,241,171,241,171,240,171,224,174,224,174,223,174,193,177,193,177,192,177,153,179,153,180,152,180,113,182,113,183,112,183,107,188,107,189,107,189,105,194,105,195,104,195,102,203,102,204,101,204,99,212,99,213,98,213,96,218,96,219,95,219,93,227,93,228,93,228,90,262,90,263,90,263,88,280,88,281,87,281,85,286,85,287,84,287,82,289,82,290,81,290,79,298,79,299,78,299,76,304,76,304,78,305,79,328,79,328,78,328,76,334,76,334,78,334,79,360,79,360,81,361,82,372,82,372,84,373,85,378,85,378,87,379,88,384,88,384,90,385,90,390,90,390,93,391,93,393,93,393,95,394,96,396,96,396,104,396,105,399,105,399,124,396,124,396,125,396,127,394,127,393,127,393,147,391,147,390,147,390,152,391,153,393,153,393,158,394,159,396,159,396,172,394,172,393,173,393,175,391,175,390,176,390,178,388,178,387,178,387,181,379,181,379,178,378,178,355,178,354,178,354,181,352,181,351,181,351,183,349,183,348,184,348,186,346,186,345,187,345,192,343,192,342,193,342,195,343,196,345,196,345,203,343,203,342,204,342,206,340,206,339,207,339,218,337,218,336,218,336,223,334,223,334,224,334,235,331,235,331,235,331,243,328,243,328,244,328,249,325,249,325,250,325,254,322,254,322,255,322,260,319,260,319,261,319,266,316,266,316,267,316,272,314,272,313,272,313,277,311,277,310,278,310,286,308,286,307,286,307,291,305,291,304,292,304,297,302,297,301,298,301,303,299,303,298,303,298,306,296,306,295,306,295,311,293,311,292,312,292,317,290,317,289,318,289,320,287,320,286,321,286,325,284,325,283,326,283,331,281,331,280,332,280,337,278,337,277,338,277,343,275,343,274,343,274,348,272,348,271,349,271,354,269,354,268,355,268,360,266,360,265,360,265,365,263,365,262,366,262,371,260,371,259,372,259,379,257,379,256,380,256,385,254,385,254,386,254,391,251,391,251,392,251,399,248,399,248,400,248,405,245,405,245,406,245,408,242,408,242,409,242,414,239,414,239,414,239,419,237,419,236,420,236,425,234,425,233,426,233,433,231,433,230,434,230,442,228,442,227,443,227,450,225,450,224,451,224,459,222,459,221,460,221,462,219,462,218,463,218,465,198,465,198,463,197,462,180,462,180,460,179,459,171,459,171,457,171,456,165,456,165,454,165,453,159,453,159,451,159,450,154,450,154,448,153,448,127,448,127,446,126,445,121,445,121,443,120,442,118,442,118,440,120,440,121,439,121,428,123,428,124,428,124,426,126,426,127,425,127,423,129,423,130,422,130,420,129,419,127,419,127,417,126,416,124,416,124,414,123,414,115,414,115,409,114,408,112,408,112,406,111,405,109,405
115,247,117,247,118,246,118,196,120,196,121,195,121,130,123,130,124,129,124,113,129,113,129,115,130,116,135,116,135,118,136,119,141,119,141,121,142,122,147,122,147,124,148,125,156,125,156,127,157,127,165,127,165,144,162,144,162,144,162,200,159,200,159,201,159,243,157,243,156,244,156,274,145,274,145,272,144,272,115,272
331,346,334,346,334,345,334,298,336,298,337,297,337,255,339,255,340,254,340,232,342,232,343,232,343,213,342,212,340,212,340,207,342,207,343,206,343,204,345,204,346,203,346,198,354,198,354,200,355,201,357,201,357,203,358,204,366,204,367,203,367,201,384,201,384,206,382,206,381,207,381,229,379,229,378,230,378,263,376,263,375,264,375,294,373,294,372,295,372,317,370,317,369,318,369,348,367,348,366,349,366,377,364,377,363,377,363,379,334,379,334,377,334,377,331,377
334,497,336,497,337,496,337,491,339,491,340,490,340,488,342,488,343,487,343,485,345,485,346,485,346,482,348,482,349,482,349,480,351,480,352,479,352,477,357,477,358,476,358,474,360,474,361,473,361,471,363,471,364,470,364,468,369,468,370,468,370,465,378,465,379,465,379,463,384,463,385,462,385,460,387,460,388,459,388,457,393,457,394,456,394,454,405,454,405,453,405,451,425,451,425,459,423,459,422,460,422,470,420,470,419,471,419,482,414,482,414,482,414,485,405,485,405,485,405,487,399,487,399,488,399,490,391,490,390,491,390,493,388,493,387,494,387,496,379,496,378,497,378,499,334,499
414,25,416,25,417,24,417,17,419,17,420,16,420,11,422,11,423,10,423,5,425,5,426,4,426,2,428,2,429,2,429,0,443,0,443,4,441,4,440,5,440,7,438,7,437,8,437,10,435,10,434,11,434,16,432,16,431,17,431,19,429,19,428,19,428,22,426,22,425,22,425,56,426,56,428,56,428,64,429,65,431,65,431,70,432,71,437,71,437,73,438,73,440,73,440,84,429,84,429,82,428,81,426,81,426,79,425,78,423,78,423,73,422,73,420,73,420,68,419,67,417,67,417,62,416,61,414,61
444,71,446,71,447,70,447,65,449,65,450,64,450,59,452,59,453,58,453,48,455,48,456,47,456,34,455,33,453,33,453,19,452,19,450,19,450,14,449,13,447,13,447,0,455,0,455,2,456,2,458,2,458,7,459,8,461,8,461,16,462,17,464,17,464,24,465,25,467,25,467,56,465,56,464,56,464,64,462,64,461,65,461,73,459,73,458,73,458,75,456,75,455,76,455,81,447,81,447,79,446,78,444,78
