62,332,64,332,65,332,65,318,66,318,67,318,67,308,68,308,69,307,69,302,70,302,71,301,71,296,72,296,73,295,73,290,74,290,75,289,75,284,76,284,77,283,77,280,86,280,86,281,87,282,90,282,90,283,91,284,94,284,94,285,95,286,96,286,96,291,95,291,94,292,94,295,93,295,92,296,92,299,91,299,90,300,90,305,89,305,88,306,88,311,87,311,86,312,86,318,85,318,84,318,84,328,83,328,82,328,82,376,83,377,84,377,84,386,85,387,86,387,86,394,87,395,88,395,88,400,89,401,90,401,90,406,91,407,92,407,92,410,93,411,94,411,94,414,95,415,96,415,96,418,93,418,92,419,92,420,89,420,88,421,88,422,83,422,82,423,82,424,79,424,79,423,78,422,77,422,77,417,76,416,75,416,75,411,74,410,73,410,73,405,72,404,71,404,71,399,70,398,69,398,69,393,68,392,67,392,67,383,66,382,65,382,65,368,64,368,62,368
85,346,86,346,87,346,87,334,101,334,101,336,101,336,103,336,103,368,89,368,88,368,88,370,87,370,87,356,86,356,85,356
101,135,103,135,103,134,103,122,105,122,105,122,105,112,107,112,107,112,107,104,109,104,109,104,109,100,111,100,111,100,111,94,113,94,113,94,113,90,115,90,115,90,115,86,117,86,117,86,117,82,119,82,119,82,119,78,129,78,129,80,130,80,131,80,131,82,132,82,133,82,133,84,134,84,135,84,135,90,134,90,133,90,133,96,132,96,131,96,131,100,130,100,129,100,129,104,127,104,127,104,127,110,125,110,125,110,125,116,123,116,123,116,123,124,121,124,121,125,121,134,119,134,119,135,119,152,117,152,117,153,117,162,117,163,119,163,119,182,119,183,121,183,121,193,121,193,123,193,123,201,123,201,125,201,125,207,125,207,127,207,127,211,127,211,129,211,129,217,130,217,131,217,131,219,132,219,133,219,133,223,134,223,135,223,135,227,136,227,137,227,137,233,134,233,133,233,133,235,127,235,127,235,127,237,121,237,121,233,121,233,119,233,119,231,119,231,117,231,117,227,117,227,115,227,115,223,115,223,113,223,113,219,113,219,111,219,111,213,111,213,109,213,109,207,109,207,107,207,107,201,107,201,105,201,105,193,105,193,103,193,103,179,103,178,101,178
109,296,111,296,111,295,111,294,115,294,115,293,115,292,129,292,130,291,130,290,141,290,142,289,142,288,190,288,190,303,188,303,188,304,188,380,186,380,186,381,186,384,170,384,170,385,170,386,168,386,168,387,168,388,164,388,164,389,164,390,162,390,161,391,161,392,160,392,159,393,159,398,158,398,157,399,157,416,156,416,155,417,155,418,144,418,144,417,143,416,136,416,136,415,135,414,119,414,119,413,119,412,109,412,109,393,111,393,111,392,111,375,113,375,113,374,113,334,113,334,111,334,111,302,111,301,109,301
132,133,133,133,134,132,134,131,145,131,146,130,146,129,174,129,174,132,174,133,176,133,176,134,174,134,174,135,174,184,172,184,172,185,172,193,170,193,170,193,170,195,166,195,166,195,166,197,162,197,161,197,161,199,154,199,153,199,153,201,132,201
172,217,174,217,174,217,174,213,176,213,176,215,176,215,180,215,180,215,180,213,186,213,186,237,172,237
174,78,184,78,184,80,184,80,186,80,186,102,174,102
178,112,188,112,188,112,188,110,190,110,190,205,178,205
197,294,198,294,199,293,199,282,218,282,219,281,219,280,220,280,220,422,207,422,206,423,206,424,201,424,201,423,200,422,199,422,199,419,198,418,197,418,197,393,198,393,199,392,199,379,198,378,197,378,197,370,198,370,199,370,199,298,198,297,197,297
203,92,204,92,205,92,205,90,222,90,222,96,223,96,224,96,224,223,213,223,212,223,212,225,207,225,207,223,206,223,205,223,205,221,204,221,203,221
223,92,237,92,237,221,237,221,239,221,239,223,233,223,233,223,233,225,229,225,229,223,229,223,225,223,225,217,226,217,227,217,227,98,226,98,225,98,225,96,224,96,223,96
229,282,249,282,249,281,249,280,253,280,253,285,253,286,255,286,255,422,231,422,231,308,231,307,229,307
253,282,267,282,267,422,257,422,257,286,257,285,253,285
