1,67,1,67,2,67,2,59,2,59,3,58,3,54,3,54,4,54,4,51,5,51,5,51,5,49,6,49,6,48,6,47,7,47,7,46,7,44,8,44,8,44,8,42,9,42,9,42,9,40,10,40,10,40,10,39,11,39,11,39,11,38,12,38,12,38,12,36,13,36,13,35,13,35,14,35,14,34,14,33,15,33,15,33,15,32,16,32,17,32,17,30,17,30,18,30,18,29,18,29,19,29,19,28,19,28,20,28,20,27,20,27,21,27,21,25,22,25,22,24,22,24,23,24,23,23,23,22,24,22,24,22,24,21,25,21,25,21,25,20,26,20,26,20,26,19,27,19,27,19,27,18,28,18,28,18,28,17,29,17,29,17,29,16,30,16,30,16,30,15,31,15,31,15,31,14,32,14,32,13,32,12,33,12,34,11,34,10,34,10,35,10,35,9,35,9,36,9,36,8,37,8,38,8,38,7,41,7,41,8,41,8,44,8,44,9,44,9,46,9,46,10,46,10,47,10,47,12,47,13,48,13,48,13,48,14,49,14,49,15,49,15,50,15,50,17,51,17,51,17,51,18,52,18,52,18,52,19,53,19,53,19,53,20,54,20,54,20,54,21,55,21,56,21,56,22,56,22,57,22,57,23,57,24,58,24,58,25,58,26,59,26,59,29,58,29,58,29,58,30,57,30,57,30,57,32,56,32,56,32,56,33,55,33,54,33,54,34,54,34,53,35,53,36,53,36,52,37,52,38,52,38,51,38,51,40,51,40,50,40,50,41,49,41,49,41,49,43,48,43,48,43,48,44,47,44,47,44,47,46,46,46,46,47,46,48,45,48,45,49,45,51,44,51,44,51,44,53,43,53,43,53,43,56,42,56,42,56,42,58,41,58,41,59,41,63,40,63,40,63,40,66,39,66,39,66,39,70,38,70,37,71,37,77,37,77,36,77,36,85,36,85,35,85,35,100,36,100,36,100,36,105,37,106,37,106,37,109,38,109,39,109,39,113,39,113,40,113,40,116,40,117,41,117,41,120,41,120,42,120,42,123,42,123,43,123,43,125,43,125,44,125,44,128,44,129,45,129,45,130,45,131,46,131,46,133,46,133,47,133,47,134,47,134,48,134,48,136,48,136,49,136,49,137,49,137,50,137,50,138,51,138,51,138,51,140,52,141,52,141,52,141,53,142,53,142,53,143,54,143,54,143,54,144,55,144,56,144,56,146,56,146,57,146,57,150,56,150,56,150,56,153,55,153,54,154,54,155,53,155,52,155,52,156,52,156,51,156,51,157,51,157,50,157,50,158,49,158,49,158,49,159,48,159,48,159,48,160,47,160,47,160,47,161,46,161,46,161,46,162,45,162,45,162,45,163,44,163,44,164,44,164,43,164,43,165,43,165,42,165,42,166,42,167,41,167,41,167,41,168,40,168,40,168,40,169,38,169,37,169,37,170,34,170,34,169,33,169,31,169,31,167,31,167,30,167,30,166,30,165,29,165,29,165,29,164,28,164,28,164,28,163,27,163,27,162,27,162,26,162,26,161,26,161,25,161,25,160,25,160,24,160,24,158,24,158,23,158,23,157,23,157,22,157,22,156,22,156,21,156,21,155,20,155,20,155,20,154,19,153,19,153,19,153,18,152,18,152,18,152,17,151,17,151,17,150,16,150,15,150,15,148,15,148,14,148,14,146,14,146,13,146,13,145,13,145,12,145,12,143,12,143,11,143,11,142,11,141,10,141,10,140,10,139,9,139,9,138,9,138,8,138,8,136,8,136,7,136,7,134,7,134,6,134,6,131,6,130,5,130,5,127,5,127,4,127,4,123,3,123,3,123,3,119,2,118,2,118,2,115,1,115,1,115,1,101,1,101,2,101,2,97,1,97,1,97,1,72,1,72,2,71,2,71,1,70,1,70
56,150,57,150,57,150,57,147,58,147,58,148,58,148,59,148,59,148,59,132,60,132,60,132,60,115,61,115,61,115,61,114,62,114,62,115,62,115,64,115,64,115,64,114,69,114,69,115,70,115,70,115,70,126,70,126,69,126,69,132,70,132,70,132,70,133,71,133,71,133,71,134,71,134,70,134,70,135,70,135,69,135,69,160,70,160,70,160,70,163,71,164,71,164,71,165,71,165,70,166,70,167,64,167,64,167,64,168,60,168,60,155,60,155,59,155,59,153,59,152,57,152,57,153,57,153,56,153
70,135,70,135,71,135,71,134,71,134,72,134,72,133,78,133,78,134,78,134,79,134,79,138,78,138,78,138,78,150,78,150,79,150,79,155,79,155,80,155,80,157,79,157,79,157,79,165,72,165,72,164,71,163,71,163,71,160,70,160,70,160,70,159,70,159,71,159,71,136,70,136,70,136
78,124,79,124,79,124,79,122,90,122,90,123,90,123,93,123,93,138,92,138,92,138,92,150,92,150,93,150,93,157,80,157,80,155,80,155,79,155,79,131,79,130,78,130
81,68,82,68,82,68,82,63,83,63,83,63,83,55,84,55,85,55,85,40,85,40,86,40,86,36,95,36,95,36,95,37,96,37,96,45,95,45,95,45,95,47,95,48,96,48,96,48,95,48,95,49,95,53,94,53,94,53,94,60,93,60,93,61,93,73,92,73,92,73,92,76,81,76
93,70,94,70,94,69,94,61,95,61,95,60,95,49,96,49,96,48,96,37,96,36,95,36,95,36,96,36,96,35,96,32,97,32,97,32,97,31,98,31,98,32,98,32,107,32,107,33,107,33,108,33,108,34,107,34,107,35,107,47,106,47,105,48,105,60,105,60,104,61,104,70,104,70,103,71,103,78,103,78,102,78,102,81,93,81
96,122,97,122,97,122,97,121,103,121,103,123,104,123,104,123,104,124,104,124,103,124,103,129,103,129,102,130,102,146,103,146,103,146,103,158,103,158,102,158,102,159,96,159
104,113,111,113,111,116,111,117,112,117,112,117,111,117,111,118,111,134,110,134,110,134,110,151,110,152,111,152,111,160,111,160,112,160,112,161,111,161,111,161,111,167,104,167,104,124,104,124,105,124,105,123,104,123,104,123
111,118,112,118,112,117,112,115,113,115,113,116,113,117,118,117,118,163,112,163,112,160,112,160,111,160,111,155,112,155,112,155,112,154,112,153,111,153,111,152,112,152,112,151,112,143,112,143,111,143,111,123,112,123,112,123,112,122,112,122,111,122
131,20,132,20,132,20,132,18,146,18,146,18,146,17,156,17,156,18,157,18,158,18,158,18,158,17,166,17,166,17,166,16,167,16,167,17,167,17,170,17,170,19,171,19,171,19,171,30,171,30,170,30,170,34,171,35,171,35,171,47,172,48,172,48,172,59,173,60,173,60,173,64,173,64,172,64,172,65,173,65,173,65,173,67,173,67,172,67,172,88,172,88,171,88,171,91,172,91,172,91,172,101,173,101,173,101,173,103,174,103,175,103,175,105,175,106,176,106,176,110,176,110,177,110,177,113,177,113,178,113,178,116,178,117,179,117,179,123,179,123,180,123,180,129,180,130,181,130,181,134,181,134,182,134,182,136,182,136,183,136,183,138,183,138,184,138,184,139,184,140,185,140,185,144,185,144,186,144,186,148,187,148,187,148,187,160,181,160,181,159,181,159,178,159,178,158,178,158,176,158,176,158,176,159,173,159,172,159,172,160,172,160,172,159,171,159,167,159,167,158,167,158,160,158,160,158,160,159,139,159,139,158,138,158,138,158,138,141,137,140,137,140,137,97,136,97,136,97,136,91,135,91,134,91,134,79,134,79,133,79,133,59,133,58,132,58,132,33,132,33,131,33
183,97,184,97,184,97,184,38,196,38,196,104,196,105,197,105,197,140,185,140,185,140,185,139,184,139,184,138,184,138,183,138,183,135,184,135,184,135,184,124,184,124,183,124,183,103,184,103,184,103,184,98,184,98,183,98
