34,249,35,249,36,249,36,190,37,190,38,190,38,188,41,188,41,190,41,190,52,190,52,191,52,192,72,192,72,191,72,190,75,190,75,191,76,192,77,192,77,199,76,199,75,199,75,204,74,204,74,205,74,208,72,208,72,209,72,219,70,219,70,220,70,241,70,242,72,242,72,249,72,249,74,249,74,256,74,257,75,257,75,265,76,266,77,266,77,271,49,271,49,270,48,269,45,269,45,270,45,271,40,271,40,270,39,269,34,269
72,31,74,31,74,30,74,20,75,20,76,19,76,18,106,18,106,32,105,32,105,33,105,64,103,64,103,64,103,110,101,110,101,111,101,156,100,156,99,157,99,188,98,188,97,188,97,190,80,190,80,183,81,183,81,182,81,177,83,177,83,177,83,172,85,172,85,171,85,157,85,156,83,156,83,149,85,149,85,149,85,140,85,140,83,140,83,127,83,127,81,127,81,122,81,121,80,121,80,112,79,112,78,112,78,109,77,108,76,108,76,105,75,104,74,104,74,92,74,92,72,92,72,51,74,51,74,51,74,35,74,34,72,34
80,192,94,192,94,193,94,194,95,194,95,203,94,203,94,203,94,206,94,207,95,207,95,225,94,225,94,225,94,271,83,271,83,271,83,273,80,273
136,201,137,201,138,201,138,190,139,190,140,190,140,183,141,183,141,182,141,179,143,179,143,178,143,173,145,173,145,173,145,170,146,170,147,169,147,166,148,166,149,166,149,162,150,162,150,162,150,159,152,159,152,158,152,157,159,157,159,158,160,159,163,159,163,160,163,160,165,160,165,164,165,164,168,164,168,166,169,166,175,166,175,167,176,168,177,168,177,175,176,175,175,175,175,178,174,178,174,179,174,182,172,182,172,183,172,188,170,188,170,188,170,201,169,201,168,201,168,210,167,210,166,210,166,227,167,227,168,227,168,234,169,234,170,234,170,240,170,240,172,240,172,243,172,244,174,244,174,247,174,247,175,247,175,251,176,251,177,251,177,252,178,253,179,253,179,256,180,257,181,257,181,258,180,258,179,259,179,260,176,260,175,260,175,262,172,262,172,262,172,264,169,264,168,264,168,267,167,267,166,268,166,273,165,273,165,273,165,275,163,275,163,275,163,277,158,277,158,275,157,275,156,275,156,271,155,271,154,271,154,268,154,267,152,267,152,266,152,265,150,265,150,262,150,262,149,262,149,259,148,258,147,258,147,255,146,254,145,254,145,251,145,251,143,251,143,247,143,247,141,247,141,242,141,241,140,241,140,236,139,236,138,236,138,223,137,223,136,223
138,27,139,27,140,27,140,25,170,25,170,27,170,27,190,27,190,30,190,31,192,31,192,60,192,61,194,61,194,62,192,62,192,62,192,66,190,66,190,66,190,82,190,83,192,83,192,92,192,92,194,92,194,99,194,99,195,99,195,112,196,112,197,112,197,129,196,129,195,129,195,140,189,140,189,138,188,138,149,138,149,136,148,136,147,136,147,111,146,110,145,110,145,101,145,101,143,101,143,86,143,86,141,86,141,61,141,60,140,60,140,33,139,32,138,32
170,188,172,188,172,188,172,183,174,183,174,182,174,179,175,179,176,178,176,175,177,175,178,175,178,170,199,170,199,201,198,201,197,201,197,206,198,207,199,207,199,210,198,210,197,210,197,230,198,231,199,231,199,249,194,249,194,249,194,251,187,251,186,251,186,252,185,252,185,251,185,251,180,251,180,247,179,247,178,247,178,222,177,221,176,221,176,205,175,204,170,204
190,66,192,66,192,66,192,62,195,62,195,64,196,64,197,64,198,64,198,62,206,62,207,62,207,61,208,61,208,62,209,62,210,62,210,71,210,72,212,72,212,80,212,81,214,81,214,92,214,92,215,92,215,136,214,136,214,136,214,138,209,138,209,136,208,136,201,136,201,136,201,138,200,138,199,138,199,140,196,140,196,129,197,129,198,129,198,112,197,112,196,112,196,99,195,99,194,99,194,92,194,92,192,92,192,83,192,82,190,82
216,51,217,51,218,51,218,31,219,31,220,30,220,29,230,29,230,30,230,31,254,31,254,53,252,53,252,53,252,103,252,103,254,103,254,110,252,110,252,111,252,114,252,114,254,114,254,132,223,132,223,105,223,104,221,104,221,88,221,88,220,88,220,70,219,69,218,69,218,57,217,56,216,56
256,59,257,59,258,58,258,49,274,49,274,51,274,51,275,51,275,73,276,74,277,74,277,84,278,85,279,85,279,117,265,117,265,118,265,119,263,119,263,118,263,117,261,117,261,112,261,112,260,112,260,96,259,95,258,95,258,77,257,77,256,77
270,168,272,168,272,167,272,166,290,166,290,169,290,170,292,170,292,252,290,252,290,253,290,265,287,265,287,264,286,264,276,264,275,264,275,265,272,265,272,264,272,264,270,264,270,260,272,260,272,260,272,205,272,204,270,204
