105,189,107,189,107,189,107,187,118,187,119,186,119,185,128,185,128,184,128,182,133,182,133,182,133,180,137,180,138,179,138,178,147,178,147,177,147,175,163,175,163,249,164,250,165,250,165,267,166,268,168,268,168,279,168,280,170,280,170,291,171,291,172,291,172,298,173,298,175,298,175,304,175,305,177,305,177,311,178,312,179,312,179,318,180,319,182,319,182,323,182,324,184,324,184,330,185,331,186,331,186,335,187,335,189,335,189,339,189,340,191,340,191,344,192,344,193,344,193,348,194,349,196,349,196,353,196,354,198,354,198,355,196,355,196,356,196,358,178,358,177,358,177,360,164,360,163,361,163,362,152,362,152,361,151,360,150,360,150,354,149,353,147,353,147,342,147,342,145,342,145,337,144,337,142,337,142,333,142,332,140,332,140,328,140,328,138,328,138,321,137,321,135,321,135,314,135,314,133,314,133,307,133,307,131,307,131,300,130,300,128,300,128,296,128,295,126,295,126,287,125,286,124,286,124,277,123,277,121,277,121,270,121,270,119,270,119,261,118,260,117,260,117,252,116,251,114,251,114,243,114,242,112,242,112,231,111,230,110,230,110,222,109,221,107,221,107,212,107,212,105,212
173,196,177,196,178,196,178,194,193,194,194,193,194,192,219,192,219,217,220,217,222,217,222,235,222,236,224,236,224,258,225,259,226,259,226,277,227,277,229,277,229,295,229,296,231,296,231,311,232,312,233,312,233,330,234,331,236,331,236,348,236,349,238,349,238,367,239,368,240,368,240,374,227,374,227,372,226,372,215,372,215,370,215,369,213,369,213,361,212,360,206,360,206,358,205,358,203,358,203,356,203,355,201,355,201,344,200,344,199,344,199,333,198,332,196,332,196,321,196,321,194,321,194,312,193,311,192,311,192,300,191,300,189,300,189,287,189,286,187,286,187,273,186,272,185,272,185,261,184,260,182,260,182,247,182,247,180,247,180,233,179,233,178,233,178,219,177,219,175,219,175,199,175,198,173,198
192,391,205,391,205,392,206,393,215,393,215,392,215,391,219,391,219,397,220,398,222,398,222,416,222,416,224,416,224,432,225,432,226,432,226,446,227,446,229,446,229,460,229,460,231,460,231,471,232,472,233,472,233,485,234,486,236,486,236,499,215,499,215,497,215,497,213,497,213,486,212,485,210,485,210,474,210,473,208,473,208,465,208,464,206,464,206,456,205,455,203,455,203,446,203,446,201,446,201,437,200,436,199,436,199,428,198,427,196,427,196,416,196,416,194,416,194,402,193,402,192,402
199,111,203,111,203,110,203,108,210,108,210,108,210,106,212,106,213,105,213,104,217,104,217,103,217,101,219,101,220,101,220,99,224,99,225,98,225,97,226,97,227,96,227,94,231,94,232,94,232,92,233,92,234,92,234,90,238,90,239,89,239,87,243,87,243,87,243,85,247,85,247,87,248,87,252,87,252,89,248,89,247,90,247,92,246,92,245,92,245,94,243,94,243,94,243,96,241,96,240,97,240,98,239,98,238,99,238,101,234,101,233,101,233,103,232,103,231,104,231,105,229,105,229,106,229,108,227,108,226,108,226,110,225,110,224,111,224,112,222,112,222,113,222,115,220,115,219,115,219,117,201,117,201,115,200,115,199,115
239,412,240,412,240,413,241,414,250,414,250,423,250,423,252,423,252,448,253,449,254,449,254,471,255,472,257,472,257,487,255,487,254,488,254,499,246,499,246,493,247,493,248,492,248,483,247,483,246,483,246,465,245,464,243,464,243,449,243,448,241,448,241,430,240,429,239,429
241,236,247,236,248,235,248,233,254,233,254,235,255,236,257,236,257,260,257,261,259,261,259,293,260,293,261,293,261,316,262,317,264,317,264,328,253,328,252,328,252,330,250,330,250,328,250,328,248,328,248,300,247,300,246,300,246,273,245,272,243,272,243,252,243,251,241,251
297,150,308,150,308,196,297,196
304,314,306,314,306,316,307,317,308,317,309,316,309,314,313,314,313,316,314,317,315,317,316,316,316,314,318,314,318,321,316,321,315,321,315,367,316,368,318,368,318,369,311,369,311,368,311,367,304,367
311,150,325,150,325,170,323,170,322,171,322,173,323,173,325,173,325,189,323,189,322,189,322,193,323,194,325,194,325,196,323,196,322,196,322,198,311,198
325,296,327,296,328,295,328,287,329,287,330,286,330,277,332,277,332,277,332,266,334,266,335,265,335,259,336,259,337,258,337,256,341,256,341,281,339,281,339,282,339,298,337,298,336,298,336,304,325,304
